matricul	departem	ptvente	sexe	age	sitfamil	anciente	csp	codeqlt	nbimpaye	mtrejet	nbopguic	moycred3	aveparmo	endette	engagemt	engagemc	engagemm	nbcptvue	moysold3	moycredi	agemvt	nbop	mtfactur	engageml	nbvie	mtvie	nbeparmo	mteparmo	nbeparlo	mteparlo	nblivret	mtlivret	nbeparlt	mteparlt	nbeparte	mteparte	nbbon	mtbon	nbpaiecb	nbcb	nbcbptar	avtscpte	aveparfi	sexer	cartevpr	nbjdebit
148009	31	1	1	51	1	238	1	1	0	0	0	115	701939	4	119216	0	119216	2	35938	114	11	49	206016	0	1	152530	4	701939	2	520145	2	181794	0	0	0	0	0	0	14	2	0	1303700	556967	0	1	1
442153	82	6	1	52	1	270	1	1	0	0	4	19579	8920	0	0	0	0	1	132468	4079	11	50	98500	0	0	0	3	19508920	2	8920	0	0	0	0	0	0	1	19500000	5	2	0	19856243	133896	0	1	0
552427	97	1	1	58	1	139	1	3	0	0	0	40	3402	0	0	0	0	1	1336	40	14	2	3394	0	0	0	1	3402	0	0	1	3402	0	0	0	0	0	0	0	1	0	122745	0	0	1	0
556005	40	1	1	27	2	99	3	2	0	0	0	17	76321	0	0	0	0	1	12221	17	11	23	0	0	0	0	3	76321	1	46312	2	30009	0	0	0	0	0	0	14	2	0	83224	0	0	1	0
556686	65	1	1	49	5	89	2	1	0	0	0	374	473350	0	209062	37859	171203	1	21187	208	11	49	0	0	1	21423	5	473350	3	399999	2	73351	0	0	0	0	0	0	11	3	1	494773	21423	0	1	15
642680	65	1	1	64	1	216	1	1	0	0	5	24	78462	0	0	0	0	1	7154	24	11	67	0	0	0	0	4	78462	1	34820	2	9803	1	33839	0	0	0	0	27	1	0	81218	0	0	1	3
643508	65	1	1	38	2	188	2	3	0	0	2	26	0	5	28823	28823	0	1	7122	26	14	36	42649	0	0	0	0	0	0	0	0	0	0	0	0	0	0	0	13	2	0	14706	0	0	1	13
808224	31	1	0	46	1	135	1	1	0	0	2	40	96856	0	0	0	0	2	6531	24	11	51	0	0	0	0	2	96856	1	38775	1	58081	0	0	0	0	0	0	27	3	0	105333	0	1	1	35
941007	31	1	1	45	1	393	4	1	0	0	1	55	266391	0	0	0	0	1	83717	38	11	39	20500	0	0	0	2	266391	2	266391	0	0	0	0	0	0	0	0	15	2	0	310878	1452	0	1	0
1231602	31	1	1	60	1	321	1	1	0	0	2	47	154268	0	1277	1277	0	1	9994	44	11	80	0	0	0	0	4	154268	1	20246	2	79542	1	54480	0	0	0	0	11	1	0	174968	20200	0	1	6
1248922	65	2	1	34	2	362	2	2	0	0	2	32	48931	20	518657	9699	105008	1	9201	32	11	90	0	403950	0	0	2	48931	2	48931	0	0	0	0	0	0	0	0	40	2	0	48931	0	0	1	4
1252395	31	2	1	56	1	187	1	1	0	0	10	66	222748	0	0	0	0	2	11744	66	11	91	0	0	1	97531	4	222748	2	106657	2	116091	0	0	0	0	0	0	3	2	0	406994	97531	0	1	0
1343806	31	1	1	49	1	209	1	1	0	0	2	91	318781	8	557171	21435	0	1	54858	91	11	37	125672	535736	2	279999	3	318781	2	287229	1	31552	0	0	0	0	0	0	4	2	0	881133	500410	0	1	0
1544241	65	1	0	61	5	185	3	1	0	0	2	15	219959	0	2153	2153	0	1	6293	14	11	28	0	0	2	50524	4	219959	2	94594	0	0	2	125365	0	0	0	0	12	2	0	591101	369777	1	1	4
1740892	31	4	0	41	3	268	3	1	0	0	7	54	19673	0	0	0	0	2	19467	52	11	22	132295	0	13	2947037	3	19673	1	5300	2	14373	0	0	0	0	0	0	0	1	0	3530191	3505061	1	1	4
1970765	31	1	1	50	1	94	1	1	0	0	13	243	452580	2	51059	0	51059	2	39226	243	11	88	0	0	1	135564	4	452580	1	2320	2	421972	1	28288	0	0	0	0	0	1	0	1236029	700685	0	1	8
2647067	24	1	1	43	2	85	5	2	0	0	1	22	29483	12	83808	0	83808	1	4340	22	11	41	84000	0	0	0	1	29483	0	0	1	29483	0	0	0	0	0	0	12	1	0	42542	0	0	1	0
2849823	31	1	1	26	2	75	3	2	0	0	0	41	28172	8	249605	0	0	2	13329	41	11	48	0	249605	0	0	2	28172	2	28172	0	0	0	0	0	0	0	0	38	3	0	55618	0	0	1	0
3258308	31	1	1	52	1	38	1	2	0	0	3	53	52913	6	271749	0	271749	2	6333	53	11	72	0	0	0	0	3	52913	1	2216	2	50697	0	0	0	0	0	0	29	4	0	165849	5753	0	1	86
3346139	31	1	1	32	2	147	1	1	0	0	0	14	131813	0	0	0	0	1	20105	14	11	20	52863	0	0	0	3	131813	2	120043	1	11770	0	0	0	0	0	0	4	1	0	270249	126828	0	1	0
3901483	32	2	1	33	2	162	1	4	0	0	0	22	16302	0	0	0	0	1	8192	19	14	47	0	0	0	0	1	16302	0	0	1	16302	0	0	0	0	0	0	23	2	0	16327	0	0	1	0
5044500	31	3	1	28	2	10	1	4	0	0	0	0	100	0	345	345	0	1	-91	0	11	2	24500	0	0	0	1	100	0	0	1	100	0	0	0	0	0	0	0	1	0	100	0	0	1	3
5064228	65	1	1	48	3	3	2	5	0	0	0	26	0	0	0	0	0	1	14412	26	14	27	0	0	0	0	0	0	0	0	0	0	0	0	0	0	0	0	23	1	0	2455	0	0	1	0
5068163	31	2	0	41	2	1	1	5	0	0	3	80	39700	0	0	0	0	1	10009	80	11	9	4200	0	0	0	1	39700	0	0	1	39700	0	0	0	0	0	0	0	1	0	60098	0	1	1	0
5068673	31	2	1	33	1	1	1	5	0	0	0	8	13000	0	2563	2563	0	1	1696	7	11	13	0	0	0	0	1	13000	1	13000	0	0	0	0	0	0	0	0	0	2	0	13000	0	0	1	0
7534429	31	1	0	63	1	2	1	5	0	0	1	27	30669	0	0	0	0	1	9871	17	18	6	0	0	0	0	1	30669	0	0	1	30669	0	0	0	0	0	0	0	1	0	229729	148060	1	1	0
133439	31	1	1	48	1	337	2	2	0	0	3	44	2125	19	584230	0	0	1	13834	44	12	74	69000	584230	2	21986	2	2125	0	0	2	2125	0	0	0	0	0	0	28	2	0	82617	51218	0	1	7
543448	65	1	0	65	1	255	5	2	0	0	1	71	43714	17	127460	0	127460	1	16348	48	12	26	128300	0	3	156196	2	43714	2	43714	0	0	0	0	0	0	0	0	0	2	0	203805	156196	1	1	5
1231284	31	1	1	62	1	363	1	1	0	0	2	44	223825	0	0	0	0	1	10837	44	12	48	63500	0	0	0	3	223825	2	192011	1	31814	0	0	0	0	0	0	11	2	0	258851	300	0	1	1
1252382	66	2	1	35	2	189	1	2	0	0	1	19	19122	30	259057	0	16326	1	5360	19	12	33	0	242731	0	0	3	19122	2	18841	1	281	0	0	0	0	0	0	10	2	0	21026	0	0	1	29
1334438	32	3	1	46	1	54	1	1	0	0	2	28	122457	16	306503	0	44406	1	17289	28	12	58	44500	262097	0	0	4	122457	1	42429	2	78960	1	1068	0	0	0	0	18	3	1	185010	62293	0	1	1
1560224	65	4	1	34	2	90	2	2	0	0	5	71	22006	1	111923	0	111923	2	14387	67	12	71	0	0	0	0	2	22006	1	6718	1	15288	0	0	0	0	0	0	10	2	1	144070	83549	0	1	8
2448202	31	1	1	40	2	101	2	1	0	0	3	32	559103	13	69775	0	43724	2	19163	32	12	31	0	26051	2	26153	4	559103	2	479261	2	79842	0	0	0	0	0	0	8	2	0	739540	137863	0	1	1
2454856	31	1	1	54	1	113	1	2	0	0	0	81	0	0	0	0	0	1	167799	81	15	38	84000	0	0	0	0	0	0	0	0	0	0	0	0	0	0	0	19	5	2	220433	0	0	1	0
2850436	31	1	1	53	1	63	1	4	0	0	1	11	500	53	65874	17110	48764	1	-11896	11	15	25	0	0	0	0	2	500	0	0	2	500	0	0	0	0	0	0	12	2	0	500	0	0	1	65
4004405	31	1	1	34	1	144	1	2	0	0	0	171	218353	0	31479	21040	10439	1	-12246	104	12	54	0	0	1	19568	3	218353	1	68353	2	150000	0	0	0	0	0	0	21	3	0	362127	143774	0	1	88
5004401	31	1	1	30	1	26	1	2	0	0	0	49	62707	9	146581	15441	131140	1	8682	49	12	30	0	0	0	0	1	62707	0	0	1	62707	0	0	0	0	0	0	7	2	0	62707	0	0	1	2
5013143	40	1	0	30	2	23	5	3	0	0	5	5	0	0	1261	1261	0	1	505	1	16	6	0	0	0	0	0	0	0	0	0	0	0	0	0	0	0	0	0	1	0	2566	0	1	1	4
5065825	31	1	1	34	4	3	1	5	0	0	1	31	0	7	46076	46076	0	1	44206	31	12	4	0	0	0	0	0	0	0	0	0	0	0	0	0	0	0	0	0	1	0	27363	0	0	1	0
5065986	31	1	1	39	1	3	1	5	0	0	1	3	0	0	0	0	0	1	4814	3	12	6	0	0	0	0	0	0	0	0	0	0	0	0	0	0	0	0	0	2	0	7113	0	0	1	0
7558443	31	1	1	43	1	27	5	2	0	0	1	76	26251	10	396900	0	0	1	84186	0	15	4	0	396900	0	0	1	26251	0	0	1	26251	0	0	0	0	0	0	1	1	0	63017	0	0	1	3
131747	31	1	1	58	1	786	1	1	0	0	2	41	352969	0	0	0	0	1	20537	41	14	29	151900	0	0	0	3	352969	1	101901	2	251068	0	0	0	0	0	0	13	1	0	526839	164797	0	1	1
146807	31	1	1	39	2	247	2	4	0	0	3	2	360722	33	12220	377	11843	1	15098	1	14	51	103000	0	0	0	5	360722	0	0	4	360722	0	0	1	0	0	0	19	2	0	360722	0	0	1	6
545144	65	2	1	46	1	235	1	2	0	0	7	60	12243	14	459921	1186	17781	2	13368	57	14	70	0	440954	0	0	1	12243	0	0	1	12243	0	0	0	0	0	0	10	1	0	47129	0	0	1	55
552080	65	1	0	43	3	145	5	1	0	0	0	30	14718	28	166617	0	0	1	9517	10	14	16	0	166617	1	40380	2	14718	1	2000	1	12718	0	0	0	0	0	0	6	2	0	62505	40380	1	1	6
552539	65	1	1	34	1	139	4	4	0	0	0	45	848	10	723753	8153	0	2	-13406	45	14	44	192000	715600	0	0	1	848	0	0	0	0	1	848	0	0	0	0	14	1	0	848	0	0	1	68
646307	65	1	1	31	2	92	5	1	0	0	1	60	318167	21	240171	0	240171	1	5452	9	14	18	0	0	0	0	3	318167	2	249355	1	68812	0	0	0	0	0	0	1	1	0	363410	0	0	1	1
807218	31	1	1	28	1	119	5	3	0	-51	17	500	0	2	507440	96391	210301	1	3636	12	15	36	0	200748	0	0	0	0	0	0	0	0	0	0	0	0	0	0	0	2	1	2384	0	0	1	16
860436	31	2	1	42	3	49	1	3	0	0	0	22	257	21	70047	28692	41355	1	866	22	14	41	0	0	0	0	1	257	0	0	1	257	0	0	0	0	0	0	20	2	0	257	0	0	1	35
1053848	31	1	1	34	1	182	4	2	0	0	4	41	0	12	741826	0	0	1	10590	41	15	60	15522	741826	0	0	0	0	0	0	0	0	0	0	0	0	0	0	25	2	0	32007	0	0	1	12
1146168	31	1	0	43	1	176	1	1	0	0	4	111	607952	2	506379	0	0	2	35315	111	14	68	210220	506379	1	11756	4	607952	2	515464	1	34281	1	58207	0	0	0	0	30	2	0	922580	191280	1	1	50
1163558	31	1	1	51	3	132	1	3	0	0	1	114	0	42	576929	0	0	1	192261	114	14	85	263500	576929	0	0	0	0	0	0	0	0	0	0	0	0	0	0	42	4	1	242557	58624	0	1	9
1222222	31	1	1	49	1	318	1	2	0	0	1	37	75439	0	0	0	0	1	35867	37	14	29	85122	0	0	0	1	75439	1	75439	0	0	0	0	0	0	0	0	12	2	0	125034	2500	0	1	0
1245931	31	1	1	62	1	868	5	3	0	0	1	104	0	10	150664	51314	99350	1	343	0	40	2	0	0	0	0	0	0	0	0	0	0	0	0	0	0	0	0	15	1	0	416	0	0	1	4
1451001	31	2	1	47	3	203	1	3	0	0	2	40	14686	17	274798	12523	0	1	-6456	40	15	39	0	262275	0	0	2	14686	2	14686	0	0	0	0	0	0	0	0	23	2	0	15286	600	0	1	53
1452546	31	2	1	47	3	88	1	4	0	0	1	30	0	0	6751	6751	0	1	5268	30	15	17	0	0	0	0	0	0	0	0	0	0	0	0	0	0	0	0	14	2	0	0	0	0	1	14
1644080	31	3	1	56	1	228	1	1	0	0	1	52	373632	0	0	0	0	1	18937	46	14	12	0	0	1	7243	3	373632	1	138276	2	235356	0	0	0	0	0	0	2	1	0	413466	30545	0	1	0
1949374	31	1	1	39	3	103	1	1	0	0	23	60	33478	0	9680	9680	0	2	9197	60	14	75	0	0	2	44647	2	33478	1	3733	1	29745	0	0	0	0	0	0	4	1	0	92343	44647	0	1	6
2231081	31	3	0	64	3	844	6	2	0	0	1	41	105919	6	35479	0	35479	1	7595	41	14	31	0	0	1	19100	3	105919	1	29641	2	76278	0	0	0	0	0	0	11	1	0	131386	20100	1	1	31
2241449	31	1	1	51	1	870	2	1	0	0	1	22	116894	55	323050	30025	106187	2	-7356	22	14	45	0	186838	1	49937	4	116894	2	13827	1	108	1	102959	0	0	0	0	16	1	0	167951	49937	0	1	85
2243651	31	1	1	50	1	226	5	1	0	0	8	79	30765	10	105636	10350	53339	1	12551	10	15	21	0	41947	0	0	3	30765	1	0	1	29923	1	842	0	0	0	0	4	3	1	66069	0	0	1	0
2244573	31	3	0	46	1	83	1	1	0	0	26	76	259179	8	95606	0	95606	2	56651	76	14	79	0	0	4	128483	4	259179	2	145412	1	30444	1	83323	0	0	0	0	14	2	0	1095473	770248	1	1	0
2344166	31	1	1	47	1	161	5	2	0	0	2	29	16878	14	108427	0	108427	1	34312	29	14	36	0	0	0	0	1	16878	1	16878	0	0	0	0	0	0	0	0	6	1	0	55324	1000	0	1	0
2646853	97	1	1	33	1	150	1	1	0	0	1	26	580	0	9586	9586	0	2	9110	26	15	34	115000	0	0	0	1	580	0	0	1	580	0	0	0	0	0	0	20	2	0	800	0	0	1	7
3252819	31	2	0	59	1	186	5	1	0	0	13	81	100604	3	97707	0	97707	1	6044	2	16	2	99660	0	1	5818	3	100604	1	27451	1	7000	1	66153	0	0	0	0	5	2	0	126740	5818	1	1	0
5002794	31	3	1	32	2	28	2	4	0	0	7	40	15315	3	40086	0	40086	1	-11472	40	14	31	0	0	0	0	1	15315	1	15315	0	0	0	0	0	0	0	0	3	3	0	17795	0	0	1	85
5006282	31	1	1	30	2	27	1	2	0	0	2	93	0	0	60000	0	60000	1	45665	32	15	30	0	0	0	0	0	0	0	0	0	0	0	0	0	0	0	0	19	2	0	264783	0	0	1	26
5028122	31	2	1	42	1	18	1	3	0	0	13	124	0	5	674032	44178	129677	2	6178	124	14	65	0	500177	1	7842	0	0	0	0	0	0	0	0	0	0	0	0	0	1	0	8613	7842	0	1	51
5033438	65	1	1	45	1	16	1	3	0	0	3	24	0	6	70827	4802	66025	1	-359	24	14	22	111100	0	0	0	0	0	0	0	0	0	0	0	0	0	0	0	5	2	0	0	0	0	1	52
5054835	31	1	1	62	3	8	6	3	0	0	0	0	29574	0	0	0	0	1	866	0	14	0	0	0	0	0	1	29574	0	0	1	29574	0	0	0	0	0	0	0	1	0	50440	0	0	1	0
7549621	64	1	1	54	1	7	1	3	0	0	1	16	0	0	0	0	0	1	159222	16	14	38	95378	0	0	0	0	0	0	0	0	0	0	0	0	0	0	0	17	1	0	23555	0	0	1	0
153976	46	2	0	40	1	195	1	2	0	0	0	29	0	0	0	0	0	1	51724	29	14	8	0	0	1	253915	0	0	0	0	0	0	0	0	0	0	0	0	5	3	1	332200	253915	1	1	0
161022	31	1	1	45	1	137	5	1	0	0	8	206	337611	7	1643458	0	373966	1	119749	17	10	20	0	1269492	1	147796	5	337611	2	12337	3	325274	0	0	0	0	0	0	2	1	0	692564	147796	0	1	0
562218	75	1	1	41	1	222	4	4	0	0	0	49	23993	13	79535	23971	55564	1	-12177	49	14	134	389362	0	0	0	2	23993	1	23854	1	139	0	0	0	0	0	0	69	3	0	23993	0	0	1	66
564164	65	1	1	25	2	137	3	2	0	0	2	8	22983	0	0	0	0	1	-5461	8	10	39	135581	0	0	0	2	22983	1	22793	1	190	0	0	0	0	0	0	19	2	0	122315	90133	0	1	85
584918	75	2	0	32	2	165	2	1	0	0	0	24	402219	0	2041	2041	0	1	-7256	24	10	54	56214	0	1	74263	4	402219	2	401875	2	344	0	0	0	0	0	0	26	2	0	476482	74263	1	1	66
749896	31	1	1	51	2	76	1	2	0	0	0	30	0	0	0	0	0	2	13694	30	14	12	0	0	0	0	0	0	0	0	0	0	0	0	0	0	0	0	9	2	0	54716	0	0	1	0
941523	31	1	1	44	1	257	2	3	0	0	0	48	0	0	0	0	0	2	10626	49	10	61	0	0	0	0	0	0	0	0	0	0	0	0	0	0	0	0	31	2	0	34106	0	0	1	32
1050432	31	4	1	51	1	862	2	2	0	0	3	42	548	14	311773	0	132206	1	504	42	10	67	0	179567	0	0	1	548	0	0	0	0	1	548	0	0	0	0	19	2	0	38646	50	0	1	52
1340063	31	1	1	52	1	303	2	2	0	0	2	31	0	2	5595	5595	0	1	3472	31	10	62	0	0	0	0	0	0	0	0	0	0	0	0	0	0	0	0	24	2	0	26207	9552	0	1	25
1949917	31	1	1	24	2	87	2	3	0	0	4	17	27788	8	49311	567	48744	1	455	2	10	41	0	0	0	0	3	27788	0	0	3	27788	0	0	0	0	0	0	23	2	0	27788	0	0	1	14
1980113	33	1	1	53	1	88	2	4	0	0	0	89	0	2	82975	0	82975	1	44851	89	10	30	0	0	0	0	0	0	0	0	0	0	0	0	0	0	0	0	6	1	0	55873	0	0	1	8
2550721	31	1	1	52	1	196	1	1	0	0	2	44	121467	0	3037	3037	0	1	22536	44	10	77	0	0	0	0	4	121467	2	86733	2	34734	0	0	0	0	0	0	28	3	0	737828	616361	0	1	6
2643348	31	1	1	46	1	177	1	1	0	0	1	33	18892	0	898	898	0	1	7734	33	10	101	114374	0	1	51845	2	18892	0	0	2	18892	0	0	0	0	0	0	40	4	1	70737	51845	0	1	0
2840169	31	1	1	63	1	791	5	1	0	0	2	297	417078	5	243391	125865	117526	1	58283	148	10	82	147400	0	0	0	4	417078	2	97453	2	319625	0	0	0	0	0	0	34	3	0	468185	51107	0	1	5
3745851	65	1	0	35	1	197	1	1	0	0	8	122	49904	11	727037	0	121985	2	26798	108	10	130	0	605052	0	0	3	49904	2	8731	1	41173	0	0	0	0	0	0	29	1	0	104655	0	1	1	4
5047362	31	2	0	64	3	12	6	2	0	0	0	13	95365	0	0	0	0	1	8210	13	10	42	0	0	0	0	3	95365	0	0	3	95365	0	0	0	0	0	0	16	1	0	159394	62803	1	1	5
5065847	31	3	0	42	1	5	1	3	0	0	0	20	0	23	107678	107678	0	1	6906	20	10	9	0	0	0	0	0	0	0	0	0	0	0	0	0	0	0	0	0	1	0	0	0	1	1	11
5074054	31	3	1	36	1	2	1	5	0	0	0	1	1100	0	0	0	0	1	1202	1	48	0	0	0	0	0	1	1100	0	0	1	1100	0	0	0	0	0	0	0	1	0	2913	0	0	1	0
5074279	81	1	1	51	4	2	1	5	0	0	2	1	0	0	0	0	0	1	1700	1	10	3	84000	0	0	0	0	0	0	0	0	0	0	0	0	0	0	0	0	1	0	3108	0	0	1	0
5075425	31	2	1	52	1	1	1	5	0	0	0	0	0	0	780	780	0	1	-390	0	17	1	0	0	0	0	0	0	0	0	0	0	0	0	0	0	0	0	0	2	0	0	0	0	1	6
7508550	31	1	1	54	1	141	2	2	0	0	1	46	87724	2	80408	0	80408	1	11797	45	10	84	58706	0	0	0	4	87724	2	5124	2	82600	0	0	0	0	0	0	26	2	0	115048	0	0	1	0
7551721	31	2	0	58	1	5	3	4	0	0	1	3	28523	0	0	0	0	1	526	3	10	8	130810	0	0	0	2	28523	0	0	2	28523	0	0	0	0	0	0	0	1	0	38677	0	1	1	0
152046	31	1	1	49	1	212	5	1	0	0	24	52	9120	4	175075	73193	101882	1	-6704	16	11	25	0	0	2	56505	4	9120	2	8809	2	311	0	0	0	0	0	0	19	2	0	65625	56505	0	1	84
154656	31	1	1	41	1	189	1	1	0	0	1	82	17188	99	325515	0	325515	1	23836	82	11	46	34594	0	2	1886424	1	17188	1	17188	0	0	0	0	0	0	0	0	0	2	1	1945469	1886424	0	1	22
161604	31	1	1	52	1	134	3	4	0	0	1	25	0	7	106801	27602	79199	2	-8571	25	11	30	0	0	0	0	1	0	1	0	0	0	0	0	0	0	0	0	2	2	0	47519	1500	0	1	93
241353	94	1	0	36	3	275	2	2	0	0	0	14	2612	24	51401	12755	38646	1	7954	13	11	41	0	0	0	0	2	2612	1	2190	1	422	0	0	0	0	0	0	17	3	0	10489	0	1	1	0
245138	32	1	0	59	1	217	1	3	0	0	16	75	0	3	49857	0	49857	1	21115	75	11	31	143909	0	0	0	0	0	0	0	0	0	0	0	0	0	0	0	0	1	0	32699	500	1	1	8
249585	32	1	0	54	1	149	1	2	0	0	2	28	93080	0	0	0	0	2	3678	24	11	50	0	0	0	0	1	93080	0	0	1	93080	0	0	0	0	0	0	28	2	0	105223	0	1	1	2
560170	65	1	1	53	1	285	1	1	0	0	3	61	345506	0	0	0	0	1	27376	61	11	50	0	0	0	0	3	345506	2	315825	1	29681	0	0	0	0	0	0	23	1	0	355100	750	0	1	2
643916	65	1	1	44	1	177	1	2	0	0	1	17	14038	19	1078217	780	20897	1	4483	17	16	18	0	1056540	0	0	2	14038	1	11359	0	0	1	2679	0	0	0	0	0	1	0	50673	500	0	1	0
747448	31	1	1	50	1	173	1	2	0	0	10	144	39316	9	133507	7177	117603	2	14668	141	11	115	174488	8727	0	0	4	39316	2	8861	2	30455	0	0	0	0	0	0	23	3	0	71976	0	0	1	59
855407	31	3	1	26	2	119	3	2	0	0	2	58	45603	0	0	0	0	1	45369	58	15	17	0	0	0	0	1	45603	1	45603	0	0	0	0	0	0	0	0	10	2	0	53583	0	0	1	0
944782	31	1	0	56	1	158	1	4	0	0	4	15	18364	17	23660	23660	0	1	13992	14	15	35	0	0	0	0	1	18364	1	18364	0	0	0	0	0	0	0	0	14	2	0	27040	0	1	1	0
1054710	31	4	1	56	1	718	1	1	0	0	2	22	0	0	0	0	0	1	53391	22	15	7	0	0	0	0	0	0	0	0	0	0	0	0	0	0	0	0	0	2	1	48148	0	0	1	0
1167980	31	1	1	61	1	65	2	4	0	0	3	15	174394	32	93110	14537	78573	1	1133	15	11	26	0	0	1	9697	3	174394	2	174148	1	246	0	0	0	0	0	0	0	1	0	184091	9697	0	1	48
1244152	31	1	1	35	2	206	4	2	0	0	0	20	36222	3	61800	1800	60000	1	-3364	20	11	64	0	0	1	24914	1	36222	0	0	0	0	1	36222	0	0	0	0	38	2	0	118571	24914	0	1	88
1246291	31	1	1	32	1	153	2	3	0	0	0	44	0	2	7899	7899	0	1	-1593	36	11	57	0	0	1	950	1	0	0	0	1	0	0	0	0	0	0	0	30	2	0	6831	950	0	1	59
1250991	31	1	1	43	1	243	1	1	0	0	12	167	317486	2	200358	0	0	2	22063	162	11	108	0	200358	1	107633	5	317486	2	156043	3	161443	0	0	0	0	0	0	34	2	0	465595	107633	0	1	38
1341730	13	3	0	56	3	258	1	2	0	0	2	167	297046	2	535969	273000	25639	1	100138	117	11	29	208179	237330	0	0	2	297046	1	19790	1	277256	0	0	0	0	0	0	0	3	1	324706	0	1	1	0
1342024	31	3	1	48	1	302	1	2	0	0	6	47	0	0	0	0	0	1	46628	47	11	59	0	0	0	0	0	0	0	0	0	0	0	0	0	0	0	0	8	1	0	41153	0	0	1	0
1482451	32	2	0	50	2	57	1	3	0	0	0	49	0	0	0	0	0	1	13278	49	11	14	0	0	0	0	0	0	0	0	0	0	0	0	0	0	0	0	3	1	0	24657	0	1	1	35
2453082	31	1	0	65	1	188	1	1	0	0	2	17	158372	0	0	0	0	1	17650	13	11	32	0	0	0	0	3	158372	1	49417	2	108955	0	0	0	0	0	0	2	1	0	266087	95038	1	1	0
3252089	31	2	1	40	2	200	5	2	0	0	1	33	283329	0	0	0	0	1	4292	7	11	21	120466	0	0	0	2	283329	2	283329	0	0	0	0	0	0	0	0	13	1	0	318169	10220	0	1	10
3342290	31	1	1	48	1	246	4	2	0	0	1	19	45439	0	0	0	0	1	10438	9	15	21	0	0	0	0	3	45439	1	2141	1	30000	1	13298	0	0	0	0	11	1	0	51132	0	0	1	0
5029400	31	1	1	35	2	20	2	3	0	0	7	51	20000	0	50000	0	50000	1	12781	49	11	97	0	0	0	0	3	20000	3	20000	0	0	0	0	0	0	0	0	27	3	1	26007	0	0	1	6
5048551	65	1	1	37	2	13	2	2	0	0	2	265	230217	32	91259	0	91259	2	69789	223	11	60	0	0	0	0	3	230217	1	100000	2	130217	0	0	0	0	0	0	3	1	0	330629	0	0	1	59
5050331	64	1	1	55	1	12	1	3	0	0	0	3	12300	0	142701	2701	140000	1	11872	0	11	33	0	0	0	0	3	12300	1	1800	2	10500	0	0	0	0	0	0	3	2	0	12300	0	0	1	0
5063225	31	1	1	35	1	7	1	3	0	0	4	76	0	0	0	0	0	1	93795	76	11	35	0	0	0	0	0	0	0	0	0	0	0	0	0	0	0	0	0	1	0	190260	0	0	1	0
7504530	31	1	1	46	1	15	1	2	0	0	1	0	0	0	0	0	0	1	118289	0	17	10	0	0	1	126721	0	0	0	0	0	0	0	0	0	0	0	0	0	1	0	170718	126721	0	1	0
7568538	31	3	1	45	1	28	1	1	0	0	3	11	36765	19	61472	0	61472	1	5183	11	15	16	58900	0	0	0	2	36765	1	6765	1	30000	0	0	0	0	0	0	0	1	0	143323	97063	0	1	15
123126	31	1	1	54	2	320	1	1	0	0	0	23	208838	0	0	0	0	1	2972	21	15	53	160117	0	0	0	3	208838	1	102725	2	106113	0	0	0	0	0	0	17	2	0	213269	0	0	1	2
147129	31	1	1	49	1	271	1	2	0	0	1	35	14295	2	8116	8116	0	1	6446	35	15	86	140750	0	0	0	2	14295	1	0	1	14295	0	0	0	0	0	0	34	3	0	59110	0	0	1	31
165393	31	2	1	26	2	101	1	2	0	0	1	24	368	0	80455	455	80000	2	6343	24	15	55	0	0	0	0	1	368	0	0	1	368	0	0	0	0	0	0	22	2	0	825	0	0	1	5
177685	31	3	1	58	1	849	1	2	0	0	1	61	42575	0	0	0	0	1	19481	61	15	38	0	0	0	0	3	42575	1	28797	2	13778	0	0	0	0	0	0	7	1	0	221249	126054	0	1	0
450792	82	4	1	38	2	194	1	1	0	0	2	15	125977	0	588	588	0	1	5243	15	15	27	0	0	0	0	3	125977	2	125458	1	519	0	0	0	0	0	0	12	1	0	125977	0	0	1	21
645079	65	1	1	55	5	141	1	2	0	0	1	22	5500	23	268334	0	12826	1	8021	20	15	40	274980	255508	0	0	1	5500	1	5500	0	0	0	0	0	0	0	0	9	2	0	19497	0	0	1	16
942913	31	1	1	45	1	210	1	2	0	0	2	20	10176	99	1637956	0	0	2	10923	20	15	11	0	1637956	0	0	3	10176	2	9891	1	285	0	0	0	0	0	0	0	1	0	24627	0	0	1	0
1050422	31	4	1	49	1	288	2	4	0	0	2	35	166616	0	37438	37438	0	1	-23765	34	15	52	0	0	0	0	3	166616	2	163207	0	0	1	3409	0	0	0	0	21	1	0	178899	12283	0	1	80
1050617	31	1	0	55	2	289	1	2	0	0	1	26	35383	0	0	0	0	1	12567	25	15	43	117000	0	0	0	2	35383	1	34053	1	1330	0	0	0	0	0	0	4	2	0	64471	200	1	1	0
1117030	31	1	1	55	1	314	1	2	0	0	2	192	68777	0	0	0	0	1	49707	192	15	53	0	0	0	0	2	68777	0	0	2	68777	0	0	0	0	0	0	20	2	0	533709	0	0	1	0
1142242	31	1	1	49	1	259	2	4	0	0	1	102	293990	0	0	0	0	2	27870	102	15	86	0	0	0	0	3	293990	1	10734	2	283256	0	0	0	0	0	0	38	4	0	631593	300	0	1	7
1250651	31	2	1	51	2	252	1	1	0	0	2	33	502925	0	0	0	0	1	9849	26	15	62	0	0	1	10650	5	502925	2	277133	2	97562	1	128230	0	0	0	0	19	2	0	689770	172361	0	1	0
1642888	75	3	1	39	2	253	3	3	0	-1	0	21	0	0	0	0	0	1	-3535	21	16	36	325480	0	0	0	0	0	0	0	0	0	0	0	0	0	0	0	13	1	0	9127	0	0	1	73
2246945	31	1	1	38	1	133	1	4	0	0	2	23	1900	4	44499	0	44499	1	-4294	22	15	78	0	0	0	0	2	1900	1	1800	1	100	0	0	0	0	0	0	41	2	0	5616	0	0	1	82
3142241	31	3	1	56	1	243	1	1	0	0	1	41	145180	0	0	0	0	1	6865	41	15	48	0	0	2	207082	5	145180	3	107217	2	37963	0	0	0	0	0	0	8	1	0	364607	212591	0	1	1
3243104	31	1	0	32	3	198	2	3	0	0	1	14	0	0	0	0	0	1	-672	14	16	23	0	0	0	0	0	0	0	0	0	0	0	0	0	0	0	0	0	1	0	5613	0	1	1	42
3244257	31	1	0	49	3	127	1	1	0	0	20	243	674742	4	1800000	0	0	2	36117	242	15	262	0	1800000	3	1876826	5	674742	2	466464	2	97724	1	110554	0	0	0	0	21	1	0	2871625	2155668	1	1	40
3251390	31	2	1	40	2	199	1	1	0	0	1	22	694853	3	38124	0	38124	1	21615	19	15	12	0	0	2	465640	9	694853	2	276106	1	32083	6	386664	0	0	0	0	0	1	0	1590118	843364	0	1	0
3440837	82	1	1	55	1	267	1	2	0	-4	0	16	138	6	92549	5505	87044	2	-4278	16	15	40	444936	0	0	0	1	138	0	0	1	138	0	0	0	0	0	0	28	3	0	20871	20600	0	1	91
3743533	97	2	1	36	2	160	2	1	0	0	0	21	611303	0	0	0	0	1	20939	21	15	43	0	0	0	0	4	611303	2	579603	2	31700	0	0	0	0	0	0	17	2	0	649872	500	0	1	0
5043817	31	2	1	30	1	16	1	3	0	0	2	19	0	0	0	0	0	1	41589	19	15	14	0	0	0	0	0	0	0	0	0	0	0	0	0	0	0	0	0	1	0	41943	0	0	1	0
5059337	32	5	1	44	4	10	1	3	0	0	2	0	0	0	0	0	0	1	126641	0	15	38	0	0	0	0	0	0	0	0	0	0	0	0	0	0	0	0	0	1	0	118323	49488	0	1	0
5075858	31	2	1	40	4	3	1	4	0	0	1	0	0	0	0	0	0	1	477	0	17	2	0	0	0	0	0	0	0	0	0	0	0	0	0	0	0	0	0	2	0	750	0	0	1	0
7501958	31	1	1	53	1	20	1	4	0	0	0	0	100	0	0	0	0	1	-621	0	15	4	160500	0	0	0	1	100	0	0	1	100	0	0	0	0	0	0	0	2	0	25309	0	0	1	14
7544157	32	5	1	48	1	7	1	2	0	0	6	86	30836	7	666389	0	666389	1	22728	79	15	56	62464	0	0	0	1	30836	1	30836	0	0	0	0	0	0	0	0	5	2	0	415519	355153	0	1	6
153009	31	1	1	43	2	213	1	2	0	0	1	46	36000	0	0	0	0	1	63895	46	11	37	36894	0	0	0	2	36000	1	6400	1	29600	0	0	0	0	0	0	21	2	0	87160	0	0	1	0
165626	31	1	1	37	2	188	1	1	0	0	4	102	383645	2	476476	0	0	1	54735	102	11	34	125100	476476	0	0	5	383645	2	115625	2	266455	1	1565	0	0	0	0	6	1	0	576535	2163	0	1	0
243191	31	3	0	46	1	248	1	1	0	0	3	133	177130	0	17383	0	0	1	71866	133	11	45	0	17383	1	55055	3	177130	1	101573	2	75557	0	0	0	0	0	0	11	1	0	338550	117925	1	1	0
464953	31	1	1	33	1	111	2	2	0	0	1	15	53482	0	0	0	0	2	677	13	11	38	0	0	0	0	3	53482	2	49993	1	3489	0	0	0	0	0	0	24	1	0	61515	6271	0	1	42
562253	11	1	0	45	1	811	3	1	0	0	1	79	322007	0	0	0	0	1	101762	79	15	32	6788	0	0	0	2	322007	1	318908	1	3099	0	0	0	0	0	0	0	1	0	423753	0	1	1	0
642811	65	1	1	51	1	217	5	2	0	0	0	14	105	13	228511	59572	168939	2	10221	12	11	14	0	0	1	7897	1	105	0	0	1	105	0	0	0	0	0	0	0	1	0	10541	7897	0	1	23
1043797	31	1	1	40	1	165	2	2	0	0	2	45	10297	0	0	0	0	1	4153	45	11	62	69000	0	1	9632	2	10297	1	0	1	10297	0	0	0	0	0	0	17	1	0	25144	9832	0	1	27
1053494	31	1	0	37	1	195	1	4	0	0	2	105	136023	12	986183	12243	44362	1	22584	75	11	81	0	929578	0	0	2	136023	1	11807	1	124216	0	0	0	0	0	0	52	3	0	136023	0	1	1	0
1146476	31	2	1	46	1	230	1	1	0	0	2	21	56981	0	0	0	0	1	2965	21	11	34	150600	0	0	0	3	56981	2	56881	1	100	0	0	0	0	0	0	16	3	0	66742	8500	0	1	4
1261126	97	3	1	28	2	35	1	2	0	0	0	16	61803	0	0	0	0	1	5758	16	11	60	0	0	0	0	2	61803	1	52803	1	9000	0	0	0	0	0	0	40	2	0	65637	0	0	1	0
1341588	31	3	1	55	1	263	1	1	0	0	1	51	380	1	18688	18688	0	1	16960	51	11	61	160372	0	0	0	3	380	1	0	2	380	0	0	0	0	0	0	19	2	0	880	500	0	1	14
1451601	31	1	0	32	3	148	2	4	0	0	3	14	34189	0	0	0	0	1	18125	7	11	69	0	0	0	0	2	34189	1	34000	1	189	0	0	0	0	0	0	29	2	0	44655	0	1	1	0
1749494	31	2	1	50	1	55	1	2	0	0	5	41	33100	0	0	0	0	1	10768	41	11	40	0	0	0	0	1	33100	0	0	1	33100	0	0	0	0	0	0	17	3	0	41219	0	0	1	4
1954224	31	1	1	53	1	38	1	4	0	0	2	34	38975	2	9587	9587	0	1	27785	34	11	69	0	0	0	0	2	38975	1	9316	1	29659	0	0	0	0	0	0	31	3	0	46627	0	0	1	0
2042793	31	1	1	26	2	93	1	1	0	0	0	16	99895	0	0	0	0	2	20794	16	11	27	0	0	0	0	2	99895	1	98961	1	934	0	0	0	0	0	0	16	2	0	143809	0	0	1	0
2442813	31	1	1	51	1	245	1	4	0	0	3	11	0	96	121507	24404	97103	1	44	11	24	8	36240	0	0	0	0	0	0	0	0	0	0	0	0	0	0	0	0	1	0	522	0	0	1	35
2463113	31	1	0	33	1	114	2	2	0	0	4	36	1645	23	600733	0	0	2	1704	26	11	82	0	600733	1	7296	4	1645	4	1645	0	0	0	0	0	0	0	0	22	2	0	11325	7296	1	1	38
2845404	31	1	0	44	1	179	1	4	0	0	0	76	0	17	300564	0	0	1	43108	76	11	66	0	300564	0	0	0	0	0	0	0	0	0	0	0	0	0	0	33	2	0	18176	300	1	1	6
3146126	31	1	1	50	1	46	1	4	0	0	0	0	0	0	203720	203720	0	1	-56957	0	11	3	138000	0	0	0	0	0	0	0	0	0	0	0	0	0	0	0	0	2	0	0	0	0	1	85
3241325	31	1	0	39	6	250	1	2	0	0	7	46	9931	21	336246	11204	69636	1	4856	46	11	81	0	255406	0	0	4	9931	2	9417	2	514	0	0	0	0	0	0	23	2	0	19643	9712	1	1	18
3344670	31	1	0	44	2	183	1	1	0	0	3	40	586394	0	198	198	0	1	11034	22	11	43	84000	0	4	195155	4	586394	1	254477	2	33809	1	298108	0	0	0	0	7	2	0	964227	377833	1	1	0
3460377	82	3	1	64	1	153	1	1	0	0	1	66	340730	19	267188	0	267188	1	12360	56	11	56	0	0	1	41961	4	340730	2	220570	2	120160	0	0	0	0	0	0	8	2	0	396964	41961	0	1	6
3842217	31	3	1	31	4	127	2	1	0	0	1	21	312787	40	441632	0	0	1	1970	21	11	40	0	441632	0	0	3	312787	2	306787	1	6000	0	0	0	0	0	0	8	2	0	324409	11482	0	1	55
5006322	31	3	1	40	3	31	1	4	0	0	1	21	7175	10	112027	13399	98628	1	-10664	21	11	38	0	0	0	0	2	7175	1	7050	1	125	0	0	0	0	0	0	5	2	0	7175	0	0	1	92
5022365	31	1	1	27	1	25	1	3	0	0	4	44	0	2	9734	9734	0	1	21962	44	11	87	23941	0	0	0	0	0	0	0	0	0	0	0	0	0	0	0	50	1	0	0	0	0	1	4
5078472	31	2	1	38	1	3	1	5	0	0	0	18	9300	0	0	0	0	1	6699	18	11	24	56500	0	0	0	1	9300	0	0	1	9300	0	0	0	0	0	0	9	3	0	17452	0	0	1	0
5082917	31	1	1	37	1	1	1	5	0	0	2	20	47250	0	0	0	0	1	1023	3	17	10	108500	0	0	0	1	47250	0	0	1	47250	0	0	0	0	0	0	0	1	0	58747	0	0	1	5
7573846	31	1	1	43	2	26	1	4	0	0	0	0	7756	0	140220	140220	0	1	-70050	0	11	3	12000	0	0	0	3	7756	1	7371	2	385	0	0	0	0	0	0	0	1	0	7756	0	0	1	8
149265	31	1	1	39	1	310	1	2	0	0	1	100	21737	2	50522	0	31300	1	20055	100	14	51	141894	19222	0	0	2	21737	2	21737	0	0	0	0	0	0	0	0	32	3	0	100441	0	0	1	8
149961	81	1	1	43	1	231	2	4	0	0	2	26	0	13	226858	45871	180987	3	-2454	26	14	69	0	0	0	0	0	0	0	0	0	0	0	0	0	0	0	0	37	1	0	17637	0	0	1	92
252446	32	3	1	31	2	118	1	4	0	0	1	45	128502	0	0	0	0	1	55529	42	14	85	139731	0	0	0	3	128502	1	42000	2	86502	0	0	0	0	0	0	65	2	0	147815	0	0	1	0
554051	65	1	1	37	2	137	1	2	0	0	6	212	0	12	1982579	1361	391697	4	22732	213	14	128	357655	1589521	0	0	1	0	0	0	1	0	0	0	0	0	0	0	41	3	0	63689	0	0	1	24
831509	31	1	1	59	1	848	1	1	0	0	1	354	718094	0	0	0	0	2	105683	193	14	35	203980	0	5	661991	3	718094	1	207693	2	510401	0	0	0	0	0	0	6	2	0	1879699	1140072	0	1	1
1044514	31	3	0	57	1	133	1	2	0	0	3	10	10734	0	0	0	0	1	4844	10	15	23	0	0	0	0	1	10734	0	0	1	10734	0	0	0	0	0	0	10	2	0	18167	0	1	1	0
2550389	31	1	1	61	1	206	1	1	0	0	1	51	407819	0	0	0	0	1	7757	38	14	92	104436	0	1	29604	2	407819	1	169819	1	238000	0	0	0	0	0	0	36	1	0	442398	29604	0	1	0
2644899	31	1	1	46	1	126	1	2	0	0	1	16	82834	0	746	746	0	1	6850	16	14	16	113494	0	0	0	2	82834	0	0	2	82834	0	0	0	0	0	0	0	2	1	82834	0	0	1	0
3146165	75	2	0	29	1	204	2	1	0	0	1	22	236693	0	0	0	0	1	4295	22	14	31	0	0	1	37415	3	236693	2	236505	1	188	0	0	0	0	0	0	13	1	0	284236	46085	1	1	0
3241063	31	1	1	48	1	264	1	1	0	0	2	117	130589	5	126835	0	126835	2	15027	117	14	47	278400	0	1	81863	2	130589	2	130589	0	0	0	0	0	0	0	0	21	3	0	337797	82363	0	1	57
3346721	54	3	1	43	3	133	1	4	0	0	1	27	100000	0	0	0	0	1	17216	27	15	18	0	0	0	0	1	100000	0	0	1	100000	0	0	0	0	0	0	0	1	0	274277	0	0	1	0
5002214	31	6	1	28	2	33	2	3	0	0	4	53	29917	13	97162	0	97162	2	15723	53	15	51	0	0	0	0	2	29917	2	29917	0	0	0	0	0	0	0	0	20	2	0	40054	0	0	1	4
5032531	82	3	1	28	1	22	2	3	0	0	1	7	411	0	4269	4269	0	1	5134	7	14	21	0	0	0	0	1	411	0	0	1	411	0	0	0	0	0	0	11	2	0	411	0	0	1	1
5079351	65	1	1	44	1	4	1	5	0	0	0	10	0	0	0	0	0	1	10709	10	18	2	0	0	0	0	1	0	0	0	1	0	0	0	0	0	0	0	0	1	0	29227	0	0	1	12
5084793	65	1	1	34	2	2	1	5	0	0	1	1	200	0	0	0	0	1	1278	1	29	4	0	0	0	0	2	200	0	0	2	200	0	0	0	0	0	0	0	1	0	2755	0	0	1	0
5085206	82	5	1	43	2	1	1	5	0	0	3	5	0	0	0	0	0	1	2649	5	14	9	0	0	0	0	0	0	0	0	0	0	0	0	0	0	0	0	2	1	0	6047	0	0	1	0
154396	31	2	1	35	1	196	1	1	0	0	4	214	224826	13	1772689	0	201041	3	34221	213	13	119	0	1571648	0	0	4	224826	2	107510	2	117316	0	0	0	0	0	0	43	4	0	271359	200	0	1	0
156485	31	1	1	40	1	309	1	1	0	0	4	156	724959	14	1681684	63442	1618242	2	38831	157	13	58	0	0	0	0	2	724959	1	404448	1	320511	0	0	0	0	0	0	17	2	0	751664	16110	0	1	7
158823	9	1	1	47	3	156	3	2	0	0	2	11	34696	0	0	0	0	1	3703	8	14	24	0	0	1	94518	4	34696	1	2294	3	32402	0	0	0	0	0	0	15	1	0	139033	94518	0	1	34
162381	75	1	1	56	2	131	1	2	0	0	1	31	29618	8	206323	0	75670	1	65548	31	13	63	0	130653	0	0	1	29618	0	0	1	29618	0	0	0	0	0	0	31	2	0	69425	0	0	1	0
163091	31	1	1	54	1	124	1	2	0	0	3	821	0	0	0	0	0	1	76492	35	13	90	0	0	1	5130212	0	0	0	0	0	0	0	0	0	0	0	0	51	1	0	9299466	7066619	0	1	34
256787	32	1	1	38	1	69	1	4	0	0	0	0	0	0	0	0	0	1	0	0	13	0	96000	0	0	0	0	0	0	0	0	0	0	0	0	0	0	0	0	1	0	107750	0	0	1	0
455868	13	1	1	28	2	143	2	1	0	0	1	37	56153	5	10694	0	10694	2	12383	37	13	41	167866	0	0	0	2	56153	1	28639	1	27514	0	0	0	0	0	0	17	4	0	83142	0	0	1	0
505668	65	1	1	53	1	842	1	3	0	0	0	59	8302	12	194231	31503	162728	2	2420	60	13	97	1331530	0	0	0	1	8302	1	8302	0	0	0	0	0	0	0	0	33	3	1	12896	0	0	1	85
555090	65	1	1	60	1	121	1	2	0	0	0	20	108930	0	0	0	0	1	3048	0	23	1	0	0	1	695634	3	108930	1	67966	2	40964	0	0	0	0	0	0	0	1	0	946222	834743	0	1	0
585843	65	1	1	36	2	90	2	1	0	0	2	41	104075	4	35070	1091	33979	2	6647	41	13	99	0	0	1	6309	2	104075	2	104075	0	0	0	0	0	0	0	0	63	2	0	127768	15523	0	1	33
648247	65	1	0	36	1	55	3	2	0	0	3	10	17660	0	0	0	0	1	6277	10	13	14	24500	0	0	0	4	17660	2	2201	2	15459	0	0	0	0	0	0	0	1	0	25317	0	1	1	0
741266	31	1	1	52	1	277	1	1	0	0	3	39	721486	43	276238	0	0	1	5150	21	13	45	0	276238	0	0	4	721486	2	314252	1	90553	1	316681	0	0	0	0	3	2	0	1222651	493616	0	1	0
744200	31	1	1	49	1	210	1	4	0	0	0	0	0	0	0	0	0	1	0	0	0	0	0	0	0	0	0	0	0	0	0	0	0	0	0	0	0	0	0	1	0	0	0	0	1	0
856548	31	1	1	42	1	92	1	2	0	0	1	10	332105	0	0	0	0	1	8232	10	13	7	0	0	0	0	2	332105	1	312478	1	19627	0	0	0	0	0	0	0	1	0	342452	0	0	1	0
942252	31	1	1	56	1	234	1	1	0	0	2	31	70052	22	102290	0	102290	2	26196	31	13	57	0	0	1	44439	2	70052	0	0	2	70052	0	0	0	0	0	0	10	3	0	141643	44439	0	1	0
1160038	31	1	1	56	1	213	1	2	0	0	1	22	17646	0	0	0	0	1	5823	22	13	50	124930	0	0	0	1	17646	0	0	1	17646	0	0	0	0	0	0	15	2	0	22570	0	0	1	0
1541664	65	1	1	53	1	842	1	2	0	0	9	99	45692	9	327061	0	192856	2	20841	96	13	111	268006	134205	0	0	2	45692	2	45692	0	0	0	0	0	0	0	0	16	3	0	119058	0	0	1	41
1746629	31	3	1	52	5	106	5	3	0	0	5	21	0	10	127730	0	127730	1	-808	21	13	13	158236	0	0	0	0	0	0	0	0	0	0	0	0	0	0	0	1	2	0	4780	0	0	1	46
1963266	92	2	1	29	2	135	1	1	0	0	0	26	305259	13	249652	0	0	1	6863	25	13	30	0	249652	1	32721	4	305259	2	190975	2	114284	0	0	0	0	0	0	6	2	0	386834	73770	0	1	0
2645927	31	1	0	52	1	171	1	1	0	0	2	21	258233	0	0	0	0	1	7029	18	13	34	217600	0	0	0	4	258233	2	245033	2	13200	0	0	0	0	0	0	5	2	0	270244	7624	1	1	0
2647279	31	1	1	25	2	86	3	2	0	0	3	10	41677	0	0	0	0	1	42549	10	13	24	143500	0	0	0	2	41677	1	41318	1	359	0	0	0	0	0	0	14	3	1	87929	4230	0	1	0
3341662	31	1	1	47	1	267	5	3	0	0	11	351	134	3	360884	46024	45899	0	0	0	0	0	0	268961	0	0	1	134	0	0	1	134	0	0	0	0	0	0	0	1	0	71689	500	0	1	0
3345708	31	1	0	65	3	166	3	2	0	0	2	20	0	0	0	0	0	1	9200	20	13	38	92000	0	0	0	0	0	0	0	0	0	0	0	0	0	0	0	12	2	0	25021	0	1	1	0
4110356	65	1	1	64	1	127	6	1	0	0	5	45	247969	0	0	0	0	1	18634	45	13	61	238743	0	4	375101	4	247969	2	138056	2	109913	0	0	0	0	0	0	14	2	0	944260	671257	0	1	0
5016081	31	1	1	32	2	29	2	1	0	0	5	16	551833	9	147689	0	0	1	11304	16	13	38	0	147689	0	0	4	551833	2	181639	2	370194	0	0	0	0	0	0	0	2	1	562050	0	0	1	0
5017772	31	1	1	36	2	28	1	1	0	0	0	17	209620	0	0	0	0	1	7946	17	23	7	0	0	0	0	3	209620	1	100000	2	109620	0	0	0	0	0	0	0	1	0	214156	0	0	1	0
5021576	31	1	1	60	1	27	1	3	0	0	2	28	30522	0	0	0	0	1	49622	28	14	56	0	0	0	0	1	30522	0	0	1	30522	0	0	0	0	0	0	19	1	0	96681	0	0	1	0
5049589	31	1	0	37	2	16	2	2	0	0	1	12	167002	0	0	0	0	1	10365	12	13	17	44000	0	0	0	1	167002	1	167002	0	0	0	0	0	0	0	0	4	1	0	169438	0	1	1	0
5058983	31	1	0	55	1	13	1	1	0	0	1	54	130041	0	0	0	0	1	37097	54	14	57	0	0	1	105281	2	130041	0	0	2	130041	0	0	0	0	0	0	21	2	0	241939	105281	1	1	0
5075806	31	2	1	36	2	6	1	3	0	0	3	519	500	0	12802	12802	0	1	42263	168	13	67	3394	0	0	0	1	500	0	0	1	500	0	0	0	0	0	0	39	2	0	407687	0	0	1	12
5078110	31	1	1	31	4	5	1	5	0	0	0	0	0	0	60940	1792	59148	1	-24136	0	37	1	0	0	0	0	1	0	1	0	0	0	0	0	0	0	0	0	0	1	0	0	0	0	1	65
5082842	31	1	1	41	1	3	1	5	0	0	0	10	0	0	0	0	0	1	10333	10	13	1	0	0	0	0	1	0	0	0	1	0	0	0	0	0	0	0	0	1	0	41200	0	0	1	0
5084316	31	4	1	41	2	3	1	5	0	0	1	4	0	0	230000	0	0	1	7409	4	19	6	0	230000	0	0	0	0	0	0	0	0	0	0	0	0	0	0	0	1	0	13600	0	0	1	0
5087370	66	1	1	37	2	1	3	5	0	0	0	281	70000	0	0	0	0	1	173228	234	13	19	3394	0	0	0	2	70000	0	0	2	70000	0	0	0	0	0	0	7	1	0	1323736	524262	0	1	6
5088208	31	1	1	62	1	1	6	5	0	0	2	9	600	0	0	0	0	1	1980	9	13	10	0	0	0	0	2	600	0	0	2	600	0	0	0	0	0	0	3	1	0	20721	0	0	1	0
5088873	65	1	1	62	1	1	6	5	0	0	4	4	0	0	50000	0	50000	1	1785	4	14	8	0	0	0	0	0	0	0	0	0	0	0	0	0	0	0	0	0	1	0	39207	0	0	1	4
143397	31	2	1	46	1	864	1	2	0	0	1	8	11266	0	0	0	0	1	7432	4	12	2	200730	0	0	0	2	11266	0	0	2	11266	0	0	0	0	0	0	0	3	0	18928	0	0	1	0
159663	31	1	0	41	2	152	1	1	0	0	1	45	150753	0	0	0	0	2	8489	25	12	27	0	0	0	0	3	150753	1	99831	2	50922	0	0	0	0	0	0	4	2	0	174645	0	1	1	4
458833	82	1	1	53	1	111	1	1	0	0	3	31	176633	0	0	0	0	1	9384	31	12	80	0	0	0	0	3	176633	0	0	3	176633	0	0	0	0	0	0	29	3	0	183551	0	0	1	0
521801	65	1	1	56	3	47	3	4	0	-1	1	4	0	0	0	0	0	2	827	4	12	14	0	0	0	0	0	0	0	0	0	0	0	0	0	0	0	0	0	1	0	1611	0	0	1	30
547186	31	1	1	36	2	216	1	1	0	0	17	96	19497	6	624519	2810	147412	2	24601	86	12	130	246297	474297	1	39889	4	19497	3	12497	1	7000	0	0	0	0	0	0	11	1	0	121021	59126	0	1	19
555715	65	1	1	27	2	113	2	2	0	0	0	31	9510	6	140924	97742	43182	2	51945	31	15	86	0	0	0	0	2	9510	1	8920	1	590	0	0	0	0	0	0	59	3	0	110773	3211	0	1	8
647443	65	1	1	37	1	70	2	1	0	0	0	4	73018	26	283098	0	0	1	1901	1	33	2	0	283098	0	0	2	73018	2	73018	0	0	0	0	0	0	0	0	0	1	0	75631	2247	0	1	1
1043580	31	4	1	47	1	288	1	2	0	0	5	48	64532	0	15447	15447	0	2	8358	49	12	74	0	0	0	0	1	64532	0	0	1	64532	0	0	0	0	0	0	16	2	0	67149	0	0	1	0
1161004	31	1	1	42	1	203	2	1	0	0	8	40	36461	10	215668	29604	104330	2	926	39	12	112	0	81734	0	0	4	36461	2	36193	2	268	0	0	0	0	0	0	52	4	0	37843	400	0	1	73
1245284	31	1	1	52	1	246	1	2	0	0	4	15	71184	35	463014	0	0	3	3486	15	12	38	0	463014	0	0	3	71184	2	71084	1	100	0	0	0	0	0	0	7	2	0	116463	31066	0	1	0
1254973	31	2	1	47	1	152	1	2	0	0	1	34	73851	56	492189	22642	11365	1	-10962	34	12	56	0	458182	1	29422	3	73851	2	73574	1	277	0	0	0	0	0	0	17	2	0	103273	29422	0	1	83
1257767	31	2	1	26	2	240	3	1	0	0	3	6	176275	0	0	0	0	1	51104	6	12	30	0	0	1	383524	2	176275	1	146392	1	29883	0	0	0	0	0	0	22	1	0	829836	611671	0	1	0
1540931	65	1	1	47	1	286	1	1	0	0	0	61	116617	4	84294	2756	81538	1	21526	54	12	40	0	0	1	207025	2	116617	1	45889	1	70728	0	0	0	0	0	0	8	2	0	427112	310495	0	1	5
1641038	31	3	1	57	1	291	1	1	0	0	1	141	470455	13	127938	0	127938	1	70459	82	15	12	0	0	1	41702	1	470455	0	0	0	0	1	470455	0	0	0	0	0	1	0	588246	42202	0	1	0
1647347	31	3	1	37	1	142	1	2	0	0	10	1721	82745	0	515015	76092	0	1	2959	948	12	56	116970	438923	2	122076	3	82745	1	31895	2	50850	0	0	0	0	0	0	0	1	0	1225600	122781	0	1	52
1962969	31	2	1	49	1	146	1	2	0	0	3	258	11017	0	780	780	0	2	6955	257	12	68	376828	0	0	0	1	11017	1	11017	0	0	0	0	0	0	0	0	41	3	1	626561	0	0	1	49
2247694	31	3	1	49	3	289	1	2	0	0	0	3	0	0	0	0	0	1	9367	3	12	4	0	0	0	0	0	0	0	0	0	0	0	0	0	0	0	0	0	1	0	196076	0	0	1	16
2347218	92	1	1	32	2	72	1	1	0	0	2	40	181131	0	0	0	0	1	67785	33	12	58	133100	0	1	23148	3	181131	1	84397	2	96734	0	0	0	0	0	0	32	2	0	248870	23148	0	1	0
2564296	31	1	1	31	2	38	1	3	0	0	2	28	61036	0	0	0	0	1	11325	28	12	34	0	0	0	0	1	61036	1	61036	0	0	0	0	0	0	0	0	22	2	0	75248	0	0	1	0
2648551	97	1	1	41	2	64	2	4	0	0	0	25	0	0	781861	16916	113098	2	8472	25	12	26	0	651847	0	0	0	0	0	0	0	0	0	0	0	0	0	0	2	1	0	0	0	0	1	23
2840560	31	1	1	53	1	292	1	1	0	0	1	29	187117	13	129062	0	8350	2	60293	30	12	56	0	120712	2	114586	2	187117	1	157194	1	29923	0	0	0	0	0	0	29	2	0	471222	206517	0	1	0
3444169	11	1	1	47	2	137	1	2	0	0	2	22	176	0	97423	47423	50000	1	-35443	22	12	108	564236	0	1	104343	1	176	0	0	1	176	0	0	0	0	0	0	56	2	0	104519	104343	0	1	87
5005557	31	2	1	46	1	34	1	1	0	0	2	52	186878	6	563254	0	0	3	25340	52	12	65	0	563254	0	0	2	186878	2	186878	0	0	0	0	0	0	0	0	23	3	0	211459	0	0	1	0
5014909	31	1	1	44	2	31	1	1	0	0	6	160	341572	19	3472938	0	0	1	53943	85	12	44	115736	3472938	1	1122774	1	341572	0	0	1	341572	0	0	0	0	0	0	10	1	0	1464537	1122774	0	1	0
5032509	31	1	1	31	4	24	1	4	0	0	0	9	0	11	95889	0	95889	2	-511	9	12	31	880660	0	0	0	0	0	0	0	0	0	0	0	0	0	0	0	2	1	0	3244	0	0	1	64
5045122	31	1	1	30	1	19	1	4	0	0	3	34	0	0	0	0	0	1	25738	34	12	40	0	0	0	0	0	0	0	0	0	0	0	0	0	0	0	0	12	1	0	10276	0	0	1	19
5051051	92	1	1	34	2	17	1	1	0	0	0	25	168960	0	0	0	0	1	32032	25	12	40	0	0	1	49941	3	168960	2	138960	1	30000	0	0	0	0	0	0	13	2	0	248877	49941	0	1	0
5084860	31	1	1	51	2	4	1	1	0	0	2	94	56581	0	0	0	0	1	22750	55	12	15	0	0	0	0	2	56581	1	39999	1	16582	0	0	0	0	0	0	0	1	0	73806	0	0	1	1
5089717	32	3	1	34	1	2	1	5	0	0	2	0	0	0	1173	1173	0	1	456	0	12	6	0	0	0	0	0	0	0	0	0	0	0	0	0	0	0	0	3	1	0	0	0	0	1	1
5091633	31	3	1	38	4	1	1	5	0	0	0	0	0	0	140000	0	140000	1	69750	0	15	2	0	0	0	0	0	0	0	0	0	0	0	0	0	0	0	0	0	1	0	139500	0	0	1	0
5092820	81	2	1	30	2	1	1	5	0	0	0	0	0	0	0	0	0	1	0	0	0	0	0	0	0	0	0	0	0	0	0	0	0	0	0	0	0	0	0	1	0	0	0	0	1	0
7505023	65	1	1	47	1	29	5	2	0	0	0	17	377079	0	0	0	0	1	0	0	0	0	0	0	1	635968	1	377079	0	0	1	377079	0	0	0	0	0	0	0	1	0	1013047	635968	0	1	0
7505177	31	1	1	63	6	1	1	5	0	0	0	0	0	0	0	0	0	1	0	0	0	0	84000	0	0	0	0	0	0	0	0	0	0	0	0	0	0	0	0	1	0	0	0	0	1	0
7505572	81	3	1	46	1	165	3	2	0	0	0	53	97764	30	1112089	6148	131713	1	11281	53	12	64	110400	974228	0	0	3	97764	0	0	3	97764	0	0	0	0	0	0	27	2	0	97764	0	0	1	1
7508831	31	1	1	31	1	31	1	1	0	0	2	108	202000	1	95703	0	95703	2	15665	41	12	43	176044	0	0	0	2	202000	1	202000	0	0	1	0	0	0	0	0	16	3	0	213500	0	0	1	0
157788	31	1	1	32	2	167	2	2	0	0	0	13	47710	5	2557	2557	0	2	3704	13	14	28	104000	0	0	0	4	47710	2	11591	2	36119	0	0	0	0	0	0	11	2	0	65855	200	0	1	4
583878	65	1	0	54	1	252	1	1	0	0	3	27	259665	0	0	0	0	1	7576	27	14	58	52200	0	1	28352	4	259665	2	156216	1	26100	1	77349	0	0	0	0	0	2	1	306334	28352	1	1	2
745828	31	1	0	49	3	179	1	2	0	0	2	35	2207	18	629478	0	0	1	16606	35	14	41	161900	629478	0	0	2	2207	2	2207	0	0	0	0	0	0	0	0	16	2	0	12127	4265	1	1	1
749437	31	1	1	26	2	97	2	3	0	0	3	57	11080	4	36408	0	36408	1	39691	57	14	43	0	0	0	0	6	11080	4	10500	2	580	0	0	0	0	0	0	12	1	0	101328	0	0	1	0
803789	31	1	1	55	1	862	2	2	0	0	1	45	0	0	0	0	0	1	32731	45	14	36	114900	0	0	0	0	0	0	0	0	0	0	0	0	0	0	0	8	2	0	25762	200	0	1	0
807114	31	1	1	51	1	130	1	2	0	0	0	64	29817	3	52038	0	52038	1	12622	64	14	77	0	0	0	0	2	29817	1	0	1	29817	0	0	0	0	0	0	37	2	0	47473	0	0	1	0
850565	31	2	1	31	2	90	5	3	0	0	9	80	1800	4	118766	1645	117121	1	-8682	5	15	28	0	0	1	1217	1	1800	1	1800	0	0	0	0	0	0	0	0	17	2	0	8328	1217	0	1	87
858475	31	4	1	37	1	77	2	2	0	0	1	10	67510	0	0	0	0	1	9159	10	15	8	0	0	1	32815	2	67510	1	67337	1	173	0	0	0	0	0	0	2	3	1	115753	32815	0	1	11
1053527	31	4	1	51	1	234	1	2	0	0	2	50	0	8	254286	0	254286	1	34489	50	15	49	126872	0	0	0	0	0	0	0	0	0	0	0	0	0	0	0	14	2	0	45815	2750	0	1	0
1070200	31	2	1	46	1	304	2	2	0	0	3	62	45894	1	36110	414	35696	3	4915	62	14	76	0	0	1	38667	2	45894	1	42894	1	3000	0	0	0	0	0	0	30	2	0	95364	39667	0	1	39
1125063	31	1	1	54	2	327	1	1	0	0	3	78	202329	0	0	0	0	1	27652	78	14	36	59312	0	0	0	3	202329	1	2242	2	200087	0	0	0	0	0	0	0	1	0	218058	0	0	1	0
1642000	65	1	1	49	1	853	2	1	0	0	0	25	243984	0	0	0	0	2	18121	25	15	48	0	0	0	0	3	243984	1	101152	2	142832	0	0	0	0	0	0	17	1	0	252816	0	0	1	39
1750188	31	3	1	36	3	45	5	2	0	0	1	27	30071	15	171529	24802	146727	1	-10979	27	14	28	367636	0	0	0	2	30071	1	17964	1	12107	0	0	0	0	0	0	4	2	0	30271	200	0	1	78
1842764	32	1	1	36	2	126	1	2	0	0	20	613	66000	0	20000	20000	0	2	10560	565	14	111	0	0	0	0	4	66000	3	66000	1	0	0	0	0	0	0	0	3	1	0	206586	1000	0	1	83
1944299	31	1	1	44	2	224	1	2	0	0	2	31	10982	0	0	0	0	1	7175	31	14	53	219350	0	0	0	2	10982	0	0	2	10982	0	0	0	0	0	0	25	2	0	188450	169800	0	1	0
1945121	97	1	1	44	1	207	2	2	0	0	0	29	100251	14	45693	0	45693	1	5936	29	14	76	0	0	0	0	2	100251	1	97672	1	2579	0	0	0	0	0	0	42	2	0	111125	500	0	1	12
1946557	31	1	1	37	2	179	1	2	0	0	2	28	3415	30	908888	22099	91324	2	-6338	27	14	66	201643	795465	0	0	3	3415	1	2202	2	1213	0	0	0	0	0	0	11	2	0	3541	0	0	1	92
1947022	31	1	1	51	1	168	1	2	0	0	5	40	57807	0	21322	21322	0	2	13321	40	14	91	0	0	0	0	3	57807	1	2189	2	55618	0	0	0	0	0	0	16	2	0	68456	0	0	1	18
2243145	31	1	1	44	1	3	1	5	0	0	1	3	0	0	0	0	0	1	1207	3	15	9	0	0	0	0	0	0	0	0	0	0	0	0	0	0	0	0	7	1	0	6924	0	0	1	19
2550053	31	1	1	58	1	857	4	2	0	0	0	23	33318	0	0	0	0	1	12605	23	14	39	0	0	0	0	1	33318	0	0	0	0	1	33318	0	0	0	0	20	2	0	87922	51959	0	1	0
5000827	31	1	0	35	2	37	2	3	0	0	4	22	700	13	241678	19203	16467	1	-2421	22	14	53	0	206008	0	0	1	700	0	0	1	700	0	0	0	0	0	0	26	2	0	1891	0	1	1	57
5013094	82	3	1	33	1	32	1	2	0	0	7	53	92059	13	242134	0	0	2	8543	36	14	127	0	242134	0	0	1	92059	1	92059	0	0	0	0	0	0	0	0	49	3	0	102433	0	0	1	2
5034491	31	1	1	42	1	24	1	2	0	0	4	31	8000	0	0	0	0	1	8895	31	14	36	0	0	0	0	1	8000	1	8000	0	0	0	0	0	0	0	0	18	1	0	12103	0	0	1	7
5060351	65	1	1	45	1	14	1	3	0	0	2	3	0	45	500780	500780	0	2	356	3	22	8	0	0	0	0	0	0	0	0	0	0	0	0	0	0	0	0	0	1	0	1226	0	0	1	19
5083212	31	2	1	42	2	5	1	4	0	0	2	7	0	0	0	0	0	1	7981	7	22	4	0	0	0	0	0	0	0	0	0	0	0	0	0	0	0	0	0	2	0	11734	0	0	1	0
5084075	31	2	0	57	1	5	2	4	0	0	5	21	0	0	0	0	0	1	9533	21	14	27	0	0	0	0	0	0	0	0	0	0	0	0	0	0	0	0	10	2	0	16042	0	1	1	6
5086142	32	1	1	36	1	4	1	3	0	0	3	33	0	0	11453	11453	0	1	12784	33	14	56	1530	0	0	0	0	0	0	0	0	0	0	0	0	0	0	0	24	2	0	0	0	0	1	7
5094799	65	1	1	45	3	1	1	5	0	0	0	0	0	0	0	0	0	2	0	0	14	0	0	0	0	0	0	0	0	0	0	0	0	0	0	0	0	0	0	1	0	11200	0	0	1	0
5094828	31	1	1	40	1	1	1	5	0	0	1	2	0	0	280	280	0	1	3266	2	14	2	80100	0	0	0	0	0	0	0	0	0	0	0	0	0	0	0	0	1	0	0	0	0	1	0
148480	65	1	1	47	1	246	1	1	0	0	0	63	27251	7	675145	9297	0	1	7247	56	16	94	158401	665848	1	69568	3	27251	2	26743	1	508	0	0	0	0	0	0	42	2	0	279138	251887	0	1	11
858291	31	1	1	40	1	134	1	2	0	0	0	132	8232	14	262000	10466	251534	2	-1088	132	16	145	0	0	2	78681	3	8232	2	8030	1	202	0	0	0	0	0	0	63	2	0	109890	101255	0	1	89
982217	31	1	1	36	2	61	2	1	0	0	8	26	127235	7	67939	19203	48736	1	12733	26	16	33	0	0	0	0	2	127235	2	127235	0	0	0	0	0	0	0	0	7	2	0	141517	6705	0	1	0
1042702	31	1	1	42	1	214	1	2	0	0	1	29	2691	8	130036	13344	116692	1	-4680	29	20	16	0	0	0	0	2	2691	1	2167	1	524	0	0	0	0	0	0	1	1	0	3191	500	0	1	49
1052382	31	2	1	47	1	235	2	1	0	0	0	33	23479	1	30002	0	0	1	9886	33	16	71	87572	30002	0	0	2	23479	1	23342	1	137	0	0	0	0	0	0	38	2	0	25944	200	0	1	3
1452291	31	2	1	39	1	110	1	2	0	0	0	24	14012	0	0	0	0	1	7242	24	16	21	0	0	0	0	1	14012	0	0	1	14012	0	0	0	0	0	0	12	1	0	14327	0	0	1	7
1480522	31	2	1	52	3	84	1	4	0	0	0	26	0	0	60000	0	60000	1	19703	26	21	10	0	0	0	0	0	0	0	0	0	0	0	0	0	0	0	0	0	1	0	48976	0	0	1	7
1564861	65	5	1	41	1	54	1	1	0	0	10	113	625795	7	200851	35367	165484	3	9161	113	16	88	0	0	0	0	3	625795	1	377634	1	20621	1	227540	0	0	0	0	2	2	0	667929	12821	0	1	40
2247929	75	2	1	31	2	105	1	1	0	0	2	43	464157	0	0	0	0	2	18656	41	16	80	116288	0	0	0	3	464157	2	463084	1	1073	0	0	0	0	0	0	41	4	0	485105	0	0	1	22
2446817	31	1	1	35	2	147	1	4	0	0	1	20	17200	28	151455	0	52763	1	56017	20	16	18	199803	98692	1	6476	4	17200	2	17000	2	200	0	0	0	0	0	0	3	2	0	56743	6476	0	1	0
3250762	31	2	1	46	1	233	2	1	0	0	0	33	53314	18	29827	16882	12945	1	8423	33	16	74	0	0	0	0	2	53314	1	52806	1	508	0	0	0	0	0	0	38	1	0	69868	16554	0	1	10
3255973	31	1	1	45	1	128	1	2	0	0	0	43	55232	0	10321	10321	0	2	5332	43	16	39	0	0	0	0	2	55232	0	0	2	55232	0	0	0	0	0	0	19	2	0	55232	0	0	1	4
3341730	31	1	1	52	1	268	1	1	0	0	1	35	112775	11	140683	1422	0	1	1296	35	20	67	0	139261	0	0	3	112775	2	112325	1	450	0	0	0	0	0	0	44	3	1	112775	0	0	1	55
5003271	47	1	1	35	2	37	3	4	0	0	0	33	19000	10	99442	41861	57581	1	4078	33	16	68	0	0	0	0	2	19000	2	19000	0	0	0	0	0	0	0	0	36	2	0	20631	0	0	1	29
5006746	82	1	1	50	3	36	1	2	0	0	5	36	3100	4	34087	34087	0	2	446	36	16	86	0	0	0	0	1	3100	0	0	1	3100	0	0	0	0	0	0	37	3	0	3100	0	0	1	94
5019759	31	1	1	39	1	31	1	2	0	0	16	86	504	1	16407	16407	0	2	6957	86	16	95	193510	0	0	0	1	504	0	0	1	504	0	0	0	0	0	0	21	4	0	4596	0	0	1	31
5031689	65	1	1	29	1	61	2	1	0	0	4	42	77304	4	28095	0	28095	1	10852	42	16	74	215174	0	0	0	3	77304	1	66500	2	10804	0	0	0	0	0	0	16	1	0	97900	0	0	1	7
113333	31	1	0	56	1	786	2	1	0	0	0	85	258384	38	214874	4661	23026	4	17683	9	13	32	68490	187187	1	54536	3	258384	2	227337	1	31047	0	0	0	0	0	0	16	1	0	347262	54536	1	0	2
140270	31	1	0	46	1	313	2	4	0	0	2	10	0	35	395634	0	0	1	2236	10	13	26	0	395634	0	0	0	0	0	0	0	0	0	0	0	0	0	0	1	1	0	3063	0	1	0	6
140471	31	1	0	64	1	312	4	2	0	0	1	5	4824	0	0	0	0	1	13541	5	13	8	36000	0	0	0	2	4824	2	4824	0	0	0	0	0	0	0	0	0	1	0	15499	0	1	0	0
141833	31	1	0	49	2	302	1	1	0	0	1	14	57263	14	35987	0	1810	1	4181	14	13	57	0	34177	0	0	4	57263	2	37630	2	19633	0	0	0	0	0	0	0	1	1	63901	0	1	0	0
143098	31	1	0	43	1	290	2	2	0	0	0	99	7010	25	116962	0	0	1	109831	56	13	55	18200	116962	0	0	1	7010	0	0	1	7010	0	0	0	0	0	0	24	1	0	10467	0	1	0	0
152556	31	1	0	42	2	218	1	2	0	0	2	20	126	23	375295	0	0	2	3839	20	13	46	0	375295	0	0	2	126	1	0	1	126	0	0	0	0	0	0	18	1	0	7512	0	1	0	3
153817	31	3	1	51	1	287	1	4	0	0	3	235	259802	2	186894	0	186894	1	17295	150	13	65	6666	0	0	0	4	259802	0	0	4	259802	0	0	0	0	0	0	25	1	0	296358	0	0	0	4
155682	31	1	1	36	2	190	2	3	0	0	1	9	0	8	16224	0	16224	1	12637	9	13	22	34500	0	0	0	0	0	0	0	0	0	0	0	0	0	0	0	9	2	1	7341	200	0	0	0
157277	31	1	1	37	1	174	1	2	0	0	3	40	164	0	19631	19631	0	1	-11413	40	13	66	0	0	0	0	1	164	0	0	1	164	0	0	0	0	0	0	43	1	0	164	0	0	0	84
158514	31	1	1	62	1	256	1	2	0	0	1	11	41952	0	0	0	0	1	3909	11	13	32	0	0	0	0	3	41952	2	41835	1	117	0	0	0	0	0	0	17	1	0	42845	500	0	0	6
159554	31	1	0	57	3	157	2	3	0	0	1	4	1046	11	4668	4668	0	1	2753	4	13	21	10000	0	0	0	1	1046	0	0	1	1046	0	0	0	0	0	0	6	2	1	2119	0	1	0	0
160982	69	1	1	45	1	297	1	2	0	0	1	34	2427	15	571773	0	33126	1	11333	34	14	59	0	538647	0	0	1	2427	1	2427	0	0	0	0	0	0	0	0	28	2	0	24647	0	0	0	0
162538	75	1	0	39	2	136	1	2	0	0	0	18	47520	0	0	0	0	1	2772	18	13	62	0	0	1	30635	3	47520	2	40653	1	6867	0	0	0	0	0	0	26	1	0	86845	32299	1	0	3
165062	31	1	1	58	1	113	4	2	0	0	6	8	3924	0	0	0	0	1	4226	8	14	21	0	0	0	0	1	3924	0	0	1	3924	0	0	0	0	0	0	0	1	1	6708	0	0	0	1
166989	31	1	0	39	2	93	2	2	0	0	2	6	1361	0	0	0	0	1	3649	6	13	17	0	0	0	0	1	1361	0	0	1	1361	0	0	0	0	0	0	0	1	1	2791	0	1	0	0
170421	31	1	1	39	2	183	2	3	0	0	1	34	411	3	70849	0	0	1	7459	30	14	62	0	70849	0	0	2	411	0	0	2	411	0	0	0	0	0	0	16	1	0	7755	0	0	0	0
177059	31	3	0	55	3	65	2	2	0	0	3	173	233938	1	45453	12718	32735	1	39489	107	13	54	60500	0	0	0	3	233938	2	204256	1	29682	0	0	0	0	0	0	19	1	0	292452	0	1	0	0
177184	31	1	1	34	2	64	2	2	0	0	1	11	9017	0	0	0	0	1	2830	8	13	27	0	0	0	0	1	9017	0	0	1	9017	0	0	0	0	0	0	10	1	0	17742	0	0	0	0
179366	31	1	0	27	2	51	3	4	0	0	2	8	0	0	0	0	0	1	-1106	8	13	46	0	0	0	0	0	0	0	0	0	0	0	0	0	0	0	0	24	1	0	1730	0	1	0	68
183098	31	1	1	28	2	46	3	3	0	0	0	9	19600	0	0	0	0	1	3382	4	14	5	29600	0	0	0	2	19600	1	0	1	19600	0	0	0	0	0	0	1	1	0	21245	0	0	0	3
240682	32	1	1	56	1	297	1	4	0	0	4	54	8797	5	40924	8823	32101	1	38913	43	14	20	101000	0	13	5449561	2	8797	0	0	2	8797	0	0	0	0	0	0	0	1	0	6009132	6000216	0	0	8
241459	32	5	0	64	3	283	2	1	0	0	1	2	14937	89	5207	5207	0	1	11188	2	29	3	24699	0	1	246956	2	14937	1	0	1	14937	0	0	0	0	0	0	0	1	0	269661	249756	1	0	0
242032	32	1	1	44	1	274	2	2	0	0	0	21	56280	20	252328	2621	0	2	5053	21	13	53	0	249707	0	0	1	56280	1	56280	0	0	0	0	0	0	0	0	20	1	0	60594	0	0	0	7
246151	32	3	0	57	3	212	1	2	0	0	6	12	102749	9	74720	0	34715	2	11746	12	13	26	0	40005	0	0	4	102749	2	72525	2	30224	0	0	0	0	0	0	7	1	0	128783	0	1	0	0
246567	32	5	1	60	1	206	1	1	0	0	2	26	122898	0	0	0	0	1	3527	19	13	39	0	0	0	0	3	122898	1	97241	2	25657	0	0	0	0	0	0	8	1	0	127819	0	0	0	0
246721	32	5	1	62	1	204	1	1	0	0	3	14	290758	0	0	0	0	1	9251	14	13	42	0	0	2	84634	3	290758	2	244758	1	46000	0	0	0	0	0	0	19	2	0	439327	98498	0	0	0
257100	32	2	1	59	1	71	1	2	0	0	1	19	0	0	0	0	0	2	11982	19	13	50	0	0	0	0	0	0	0	0	0	0	0	0	0	0	0	0	26	2	0	11811	0	0	0	0
257832	97	1	1	32	2	64	2	2	0	0	0	7	60112	0	0	0	0	1	4541	7	13	13	0	0	1	21797	2	60112	1	35112	1	25000	0	0	0	0	0	0	0	1	0	83202	21952	0	0	0
259018	31	1	1	51	1	216	1	2	0	0	1	21	71210	19	321116	0	0	1	4803	21	13	71	0	321116	0	0	4	71210	1	0	3	71210	0	0	0	0	0	0	33	1	0	80390	0	0	0	3
342005	32	5	0	59	1	169	1	2	0	0	2	12	2727	37	321244	0	112955	1	-155	12	13	35	0	208289	0	0	2	2727	0	0	2	2727	0	0	0	0	0	0	2	1	0	8270	0	1	0	55
342018	32	2	1	52	2	168	2	2	0	0	2	7	30796	0	0	0	0	1	3894	7	14	23	24500	0	1	71658	2	30796	0	0	2	30796	0	0	0	0	0	0	10	1	0	104080	72158	0	0	0
342140	32	2	1	53	1	161	4	2	0	0	1	10	240	10	30976	2603	28373	1	1443	10	14	20	0	0	1	18341	2	240	0	0	2	240	0	0	0	0	0	0	1	1	0	18581	18341	0	0	35
405131	82	3	1	56	1	837	2	1	0	0	0	20	81184	0	0	0	0	1	14164	18	14	48	0	0	1	60990	3	81184	2	48307	1	32877	0	0	0	0	0	0	18	1	0	163087	61190	0	0	0
441390	82	2	0	60	1	293	1	2	0	0	0	12	20461	0	0	0	0	1	4963	12	13	31	0	0	0	0	2	20461	0	0	2	20461	0	0	0	0	0	0	5	1	0	23764	0	1	0	0
442434	82	2	1	62	1	282	1	3	0	0	5	7	0	0	0	0	0	1	16210	7	13	26	0	0	0	0	0	0	0	0	0	0	0	0	0	0	0	0	2	1	0	12678	0	0	0	0
443514	82	2	0	51	3	271	4	2	0	0	0	30	53123	0	2526	2526	0	1	27167	30	14	16	21000	0	1	54924	4	53123	1	0	3	53123	0	0	0	0	0	0	6	1	0	120566	67443	1	0	0
443885	82	1	1	51	1	267	1	2	0	0	2	15	101	0	0	0	0	1	7975	15	14	18	31400	0	0	0	1	101	0	0	1	101	0	0	0	0	0	0	1	1	0	18643	0	0	0	0
445266	82	3	1	59	1	258	2	2	0	0	0	24	332	0	0	0	0	1	-1289	24	13	78	19600	0	0	0	1	332	0	0	1	332	0	0	0	0	0	0	48	2	0	3879	550	0	0	57
445298	82	1	0	32	2	258	1	1	0	0	0	13	107561	0	0	0	0	1	3638	13	13	44	50800	0	0	0	2	107561	2	107561	0	0	0	0	0	0	0	0	11	1	0	112759	0	1	0	0
450546	82	4	0	56	1	206	1	1	0	0	0	19	228983	0	0	0	0	1	16097	19	13	34	10000	0	0	0	1	228983	0	0	1	228983	0	0	0	0	0	0	0	1	1	250573	200	1	0	0
451416	82	1	1	34	2	194	4	4	0	0	0	8	550	6	3701	3701	0	1	2936	8	13	39	0	0	0	0	1	550	0	0	1	550	0	0	0	0	0	0	0	1	1	7057	200	0	0	9
452000	94	4	0	36	1	187	3	2	0	0	1	14	34184	36	419265	0	0	1	6406	14	14	23	0	419265	1	19205	2	34184	0	0	1	29846	1	4338	0	0	0	0	15	2	1	60439	19205	1	0	0
454012	82	4	1	46	1	165	2	2	0	0	1	15	29648	0	0	0	0	1	13641	15	14	38	0	0	2	63648	1	29648	0	0	1	29648	0	0	0	0	0	0	10	1	0	114807	63648	0	0	0
455405	82	1	0	27	2	153	1	2	0	0	5	12	51327	14	34927	0	34927	2	2217	12	13	50	21490	0	0	0	1	51327	1	51327	0	0	0	0	0	0	0	0	25	3	1	58655	155	1	0	12
457915	82	3	1	52	1	127	1	3	0	0	2	5	122	0	0	0	0	1	1393	4	13	12	0	0	0	0	1	122	0	0	1	122	0	0	0	0	0	0	0	2	2	357	0	0	0	2
458069	78	2	1	38	2	126	4	2	0	0	0	19	15360	0	0	0	0	1	5248	19	13	31	34900	0	0	0	1	15360	1	15360	0	0	0	0	0	0	0	0	11	1	0	15727	200	0	0	0
458263	82	1	1	23	2	124	3	3	0	0	1	3	157	0	0	0	0	1	4809	3	15	26	0	0	0	0	1	157	0	0	1	157	0	0	0	0	0	0	0	1	1	3431	0	0	0	0
459403	9	4	1	32	1	109	2	2	0	0	0	9	21153	23	290314	0	0	1	5169	8	13	31	0	290314	1	50347	3	21153	2	20909	1	244	0	0	0	0	0	0	6	1	0	82240	50347	0	0	0
459614	31	2	1	27	2	107	3	4	0	0	1	3	0	0	0	0	0	1	1466	3	21	10	0	0	0	0	0	0	0	0	0	0	0	0	0	0	0	0	0	1	1	50	0	0	0	0
460756	82	2	0	40	1	88	2	1	0	0	2	31	201795	2	3441	3441	0	1	4582	17	13	85	20500	0	0	0	2	201795	0	0	2	201795	0	0	0	0	0	0	34	2	0	207249	112	1	0	0
463683	82	3	1	40	1	59	2	3	0	0	0	0	392	0	0	0	0	1	44	0	330	0	0	0	0	0	1	392	0	0	1	392	0	0	0	0	0	0	0	1	1	435	0	0	0	0
463938	31	3	1	46	4	56	4	3	0	0	0	11	185	13	50363	15914	34449	1	-9113	11	14	30	88800	0	0	0	2	185	1	0	1	185	0	0	0	0	0	0	10	1	0	185	0	0	0	87
507157	65	1	0	55	1	337	1	2	0	0	0	13	0	0	0	0	0	1	3396	13	14	28	38000	0	0	0	0	0	0	0	0	0	0	0	0	0	0	0	13	1	0	6489	0	1	0	33
515686	65	1	1	63	1	848	2	3	0	0	0	8	0	32	181462	0	0	2	41010	8	13	21	26000	181462	0	0	0	0	0	0	0	0	0	0	0	0	0	0	0	1	0	45660	0	0	0	0
521405	65	2	1	54	1	57	3	4	0	0	4	4	0	0	0	0	0	1	289	4	22	12	0	0	0	0	0	0	0	0	0	0	0	0	0	0	0	0	0	1	1	8	0	0	0	14
521569	65	1	0	35	2	54	1	2	0	0	0	10	10228	0	0	0	0	1	3743	10	13	50	14000	0	0	0	2	10228	0	0	2	10228	0	0	0	0	0	0	0	1	0	15564	0	1	0	0
543267	65	1	0	46	1	271	2	4	0	0	0	6	1029	0	941	941	0	1	682	6	13	28	0	0	0	0	1	1029	0	0	1	1029	0	0	0	0	0	0	0	1	0	1029	0	1	0	36
544398	65	1	1	62	1	257	1	2	0	0	0	14	2560	0	0	0	0	1	7588	14	13	19	10000	0	0	0	2	2560	1	2298	1	262	0	0	0	0	0	0	0	1	1	13415	0	0	0	0
549153	24	2	1	40	1	196	2	1	0	0	0	12	612345	0	0	0	0	1	9842	12	13	39	0	0	1	65601	5	612345	2	407927	2	94830	1	109588	0	0	0	0	28	1	0	684603	66101	0	0	0
550997	65	2	1	45	1	171	4	4	0	0	1	8	349	22	20371	20371	0	1	5852	8	13	9	0	0	0	0	1	349	0	0	1	349	0	0	0	0	0	0	2	1	0	3073	0	0	0	0
552000	65	1	0	41	2	158	2	1	0	0	1	24	225843	0	0	0	0	1	38854	11	14	26	0	0	1	54153	5	225843	2	150918	2	74060	1	865	0	0	0	0	4	1	0	301412	60837	1	0	0
552783	65	1	1	39	1	148	2	1	0	0	3	13	128982	0	0	0	0	1	9123	13	13	68	0	0	0	0	2	128982	1	94506	1	34476	0	0	0	0	0	0	7	1	0	145254	0	0	0	0
552995	65	1	1	36	2	145	1	2	0	0	1	24	24101	16	323410	0	0	1	34208	24	13	66	0	323410	0	0	2	24101	0	0	2	24101	0	0	0	0	0	0	30	1	0	50042	0	0	0	0
554191	65	1	1	32	1	304	2	2	0	0	0	9	58224	32	414442	0	0	2	2501	9	13	27	0	414442	0	0	3	58224	1	24853	2	33371	0	0	0	0	0	0	10	1	0	73878	0	0	0	1
554430	65	1	1	30	2	138	3	2	0	0	2	1	27872	77	0	0	0	1	385	1	37	3	0	0	1	47453	1	27872	1	27872	0	0	0	0	0	0	0	0	0	1	1	76028	47453	0	0	23
554916	65	2	0	24	2	144	3	2	0	0	1	11	445	37	179820	0	0	1	10132	11	14	8	7500	179820	0	0	2	445	0	0	2	445	0	0	0	0	0	0	0	1	1	3799	0	1	0	0
555686	65	1	0	45	1	118	2	3	0	0	4	9	1607	0	0	0	0	1	-1012	8	14	42	15100	0	0	0	1	1607	0	0	1	1607	0	0	0	0	0	0	0	1	1	2301	0	1	0	72
556070	65	1	1	27	2	111	3	1	0	0	0	15	89838	0	0	0	0	1	46261	15	14	19	0	0	0	0	1	89838	1	89838	0	0	0	0	0	0	0	0	9	2	1	150277	5076	0	0	0
560085	65	1	0	47	1	296	2	2	0	0	1	12	23498	5	16795	16795	0	1	3719	11	13	39	0	0	1	76934	2	23498	1	18934	1	4564	0	0	0	0	0	0	16	2	0	105586	76934	1	0	0
560943	65	1	1	47	1	279	4	2	0	0	4	27	1058	3	12937	12937	0	1	6825	27	13	54	0	0	0	0	1	1058	0	0	1	1058	0	0	0	0	0	0	11	1	0	7603	0	0	0	13
561871	65	1	0	52	1	247	2	2	0	0	0	5	21297	0	0	0	0	1	3888	5	13	14	0	0	0	0	1	21297	0	0	1	21297	0	0	0	0	0	0	0	1	1	26441	0	1	0	0
563027	65	1	0	62	1	197	4	1	0	0	0	13	105207	0	0	0	0	1	2422	12	13	45	0	0	1	40324	4	105207	2	67143	2	38064	0	0	0	0	0	0	7	1	0	155403	45788	1	0	6
563822	65	2	1	32	2	171	3	2	0	0	1	1	74755	0	0	0	0	1	2598	1	14	9	0	0	0	0	3	74755	1	34797	2	39958	0	0	0	0	0	0	1	1	0	86192	10319	0	0	0
563999	75	1	0	29	2	154	2	1	0	0	1	29	271498	0	0	0	0	1	6146	22	13	54	6366	0	0	0	3	271498	1	217142	2	54356	0	0	0	0	0	0	22	1	0	276706	0	1	0	0
571022	65	1	1	48	3	170	4	1	0	0	0	7	117811	0	0	0	0	1	2731	7	13	29	0	0	2	93415	3	117811	2	94237	1	23574	0	0	0	0	0	0	3	1	0	216338	93415	0	0	0
643647	65	1	0	55	5	197	1	2	0	0	0	13	14881	11	15084	0	15084	1	2477	13	13	40	20800	0	1	3420	2	14881	1	12183	1	2698	0	0	0	0	0	0	0	1	0	23653	3420	1	0	27
644629	65	1	1	32	1	163	2	1	0	0	1	11	222500	9	3487	3487	0	1	4545	11	13	61	56000	0	1	1585	4	222500	2	218464	2	4036	0	0	0	0	0	0	27	3	0	229069	1585	0	0	0
645352	65	1	1	41	2	140	4	3	0	0	1	6	0	0	0	0	0	1	12146	6	16	8	0	0	0	0	0	0	0	0	0	0	0	0	0	0	0	0	0	1	1	13032	0	0	0	0
645497	65	1	1	45	1	134	1	2	0	0	15	159	9838	2	286075	0	126075	1	14933	12	13	56	0	160000	0	0	2	9838	1	9658	1	180	0	0	0	0	0	0	3	1	0	99710	648	0	0	7
648918	65	1	0	45	1	277	4	4	0	0	0	6	0	0	0	0	0	1	4399	6	13	26	3500	0	0	0	0	0	0	0	0	0	0	0	0	0	0	0	9	1	0	18045	0	1	0	0
649009	65	1	1	46	1	45	4	3	0	0	1	4	0	0	0	0	0	1	5960	4	14	15	0	0	0	0	0	0	0	0	0	0	0	0	0	0	0	0	0	1	1	3750	0	0	0	0
704306	94	1	1	51	1	329	2	3	0	0	0	9	0	0	0	0	0	1	11263	9	14	17	0	0	0	0	0	0	0	0	0	0	0	0	0	0	0	0	1	1	0	15110	200	0	0	0
740542	31	1	1	43	1	302	4	2	0	0	0	18	30000	0	0	0	0	2	7593	18	13	55	15000	0	0	0	1	30000	0	0	1	30000	0	0	0	0	0	0	3	1	0	47333	0	0	0	0
742915	31	3	0	44	6	291	1	1	0	0	0	10	60744	0	0	0	0	1	11236	10	13	29	0	0	1	88012	2	60744	2	60744	0	0	0	0	0	0	0	0	10	1	0	165626	88012	1	0	0
744335	31	1	1	37	1	213	2	2	0	0	0	18	0	0	0	0	0	1	19309	18	13	56	0	0	0	0	0	0	0	0	0	0	0	0	0	0	0	0	0	1	1	11045	200	0	0	0
747381	31	1	1	50	1	151	2	2	0	0	2	18	0	6	27701	0	27701	1	11627	18	13	54	10000	0	0	0	0	0	0	0	0	0	0	0	0	0	0	0	0	1	1	19987	0	0	0	0
747507	31	1	0	48	1	147	2	4	0	0	2	9	0	21	17259	0	17259	1	2967	9	13	42	19000	0	0	0	0	0	0	0	0	0	0	0	0	0	0	0	11	1	0	3194	0	1	0	27
749013	31	1	0	42	3	111	2	2	0	0	0	9	68750	0	0	0	0	1	6713	9	14	7	3500	0	0	0	3	68750	1	66250	2	2500	0	0	0	0	0	0	0	1	1	72111	0	1	0	0
750976	31	2	1	35	1	255	1	2	0	0	0	9	100	0	0	0	0	1	6969	9	13	25	0	0	0	0	1	100	0	0	1	100	0	0	0	0	0	0	10	1	0	4675	0	0	0	6
790616	31	1	1	35	1	74	1	3	0	0	1	5	0	0	0	0	0	1	5586	5	13	21	0	0	0	0	0	0	0	0	0	0	0	0	0	0	0	0	4	1	0	2993	0	0	0	0
800780	31	1	1	62	1	758	4	1	0	0	7	24	95709	0	0	0	0	1	25080	24	13	40	0	0	1	55777	2	95709	0	0	2	95709	0	0	0	0	0	0	0	1	0	199563	61777	0	0	0
804229	31	1	1	51	1	332	2	3	0	0	5	9	7710	4	6410	6410	0	1	2948	6	15	14	10000	0	0	0	1	7710	0	0	1	7710	0	0	0	0	0	0	0	1	1	9447	200	0	0	0
807413	31	1	1	45	2	127	1	2	0	0	1	22	79711	24	269640	0	0	1	-1505	22	13	28	0	269640	0	0	4	79711	2	72535	2	7176	0	0	0	0	0	0	13	1	0	85600	500	0	0	48
808404	31	1	0	47	1	211	1	3	0	0	1	19	0	9	64824	0	64824	1	6887	19	13	47	0	0	0	0	0	0	0	0	0	0	0	0	0	0	0	0	22	1	0	1679	0	1	0	1
808665	31	3	1	37	1	120	4	2	0	0	5	24	107	0	0	0	0	1	2356	24	13	48	0	0	1	33485	2	107	1	0	1	107	0	0	0	0	0	0	14	1	0	37431	33485	0	0	0
841461	31	1	1	41	2	281	4	2	0	0	1	8	131	0	19732	19732	0	1	434	8	20	11	0	0	1	13794	1	131	0	0	1	131	0	0	0	0	0	0	0	1	0	19716	14294	0	0	45
848758	31	2	1	54	1	224	1	4	0	0	0	0	0	0	0	0	0	1	0	0	812	0	0	0	0	0	0	0	0	0	0	0	0	0	0	0	0	0	0	1	0	16	0	0	0	0
849121	13	2	1	38	1	199	1	1	0	0	0	24	224991	0	5529	5529	0	1	4948	24	13	57	0	0	0	0	3	224991	2	224427	1	564	0	0	0	0	0	0	21	1	0	225191	200	0	0	8
849838	31	4	0	52	2	158	2	1	0	0	0	10	67139	0	0	0	0	1	2795	10	13	36	0	0	1	33991	3	67139	1	47214	2	19925	0	0	0	0	0	0	18	1	0	106467	33991	1	0	0
850316	31	1	0	36	2	112	1	2	0	0	0	43	76254	10	135985	0	135985	2	9081	42	13	27	0	0	0	0	2	76254	1	46578	1	29676	0	0	0	0	0	0	1	1	0	87061	0	1	0	0
855511	31	1	0	43	1	204	1	3	0	0	0	18	0	0	0	0	0	1	2248	18	13	40	0	0	0	0	0	0	0	0	0	0	0	0	0	0	0	0	16	1	0	2543	0	1	0	35
856286	31	1	1	30	2	105	1	2	0	0	9	19	113694	0	0	0	0	2	5441	16	13	40	3500	0	0	0	4	113694	2	104894	2	8800	0	0	0	0	0	0	4	1	0	122566	0	0	0	19
856838	31	1	0	31	1	88	1	1	0	0	0	12	433955	0	0	0	0	1	26300	12	14	16	0	0	1	27226	3	433955	2	402275	1	31680	0	0	0	0	0	0	5	1	0	496881	27226	1	0	0
858621	31	1	0	63	3	102	1	2	0	0	0	13	30174	0	0	0	0	1	4198	13	13	40	0	0	1	40313	2	30174	0	0	1	21592	1	8582	0	0	0	0	5	1	0	75849	40313	1	0	0
859357	31	1	1	42	4	71	4	2	0	0	3	18	0	0	0	0	0	1	7258	18	13	35	0	0	0	0	0	0	0	0	0	0	0	0	0	0	0	0	14	1	0	7528	749	0	0	25
860230	31	3	0	23	2	63	3	3	0	0	0	5	13827	0	0	0	0	1	6744	5	14	15	0	0	0	0	1	13827	1	13827	0	0	0	0	0	0	0	0	0	1	1	22342	0	1	0	0
860318	31	2	1	24	2	62	3	4	0	0	0	10	0	8	5642	5642	0	1	1309	10	13	49	0	0	0	0	0	0	0	0	0	0	0	0	0	0	0	0	22	1	0	2475	0	0	0	39
900914	31	1	1	61	1	824	4	2	0	0	4	13	354	11	121024	0	71342	1	5640	13	14	59	50500	49682	0	0	2	354	0	0	2	354	0	0	0	0	0	0	22	1	0	27297	750	0	0	12
941140	31	2	0	60	1	280	1	2	0	0	2	35	29916	12	189946	0	0	1	13057	35	13	37	0	189946	1	22041	3	29916	1	0	2	29916	0	0	0	0	0	0	11	1	0	77069	30728	1	0	0
945138	82	1	0	34	1	155	2	1	0	0	0	17	164417	7	31353	0	31353	1	7677	16	14	36	0	0	0	0	3	164417	2	132958	1	31459	0	0	0	0	0	0	15	1	0	174291	311	1	0	1
945628	31	1	1	41	1	140	2	2	0	0	2	6	1802	11	17597	17597	0	1	429	6	13	44	15000	0	0	0	1	1802	0	0	1	1802	0	0	0	0	0	0	16	1	0	4798	0	0	0	46
946349	31	4	0	28	2	109	3	3	0	0	2	4	0	0	0	0	0	1	1764	4	13	25	10000	0	0	0	0	0	0	0	0	0	0	0	0	0	0	0	0	1	1	4399	0	1	0	0
981912	31	1	1	29	2	72	4	2	0	0	1	12	12889	0	0	0	0	1	1903	11	13	29	0	0	0	0	3	12889	2	12787	1	102	0	0	0	0	0	0	0	1	1	17746	0	0	0	16
982023	31	2	0	27	2	69	3	3	0	0	0	0	0	0	0	0	0	1	5216	0	44	1	0	0	0	0	0	0	0	0	0	0	0	0	0	0	0	0	1	1	0	1368	0	1	0	0
982301	6	1	0	45	3	63	2	3	0	0	2	14	4920	0	0	0	0	1	-920	14	13	27	0	0	0	0	1	4920	0	0	1	4920	0	0	0	0	0	0	7	1	0	6239	0	1	0	57
1015754	31	1	0	52	1	822	2	2	0	0	1	12	113	8	2710	0	2710	1	7932	12	13	33	18200	0	0	0	1	113	0	0	1	113	0	0	0	0	0	0	5	1	0	9360	0	1	0	0
1031227	31	3	1	56	1	837	1	4	0	0	0	8	10256	0	3559	3559	0	1	495	8	13	23	46400	0	1	54384	2	10256	1	10044	1	212	0	0	0	0	0	0	6	1	0	64740	54484	0	0	31
1045226	31	3	0	26	2	103	3	4	0	0	0	0	0	0	0	0	0	1	303	0	26	1	22120	0	0	0	0	0	0	0	0	0	0	0	0	0	0	0	0	2	1	245	0	1	0	0
1051618	31	3	1	46	2	294	2	2	0	0	1	14	25815	51	265057	0	0	1	20448	14	14	17	0	265057	0	0	2	25815	1	2305	1	23510	0	0	0	0	0	0	1	1	0	49307	200	0	0	0
1054203	31	1	1	39	1	161	2	4	0	0	3	19	0	3	8944	3371	5573	1	-4021	19	13	32	0	0	0	0	0	0	0	0	0	0	0	0	0	0	0	0	9	2	1	400	400	0	0	65
1055295	31	4	0	35	2	138	1	2	0	0	0	10	406	0	0	0	0	1	-4117	10	13	32	0	0	0	0	1	406	0	0	1	406	0	0	0	0	0	0	5	2	1	4013	250	1	0	70
1055500	31	1	0	51	5	130	1	3	0	0	1	27	19643	17	95460	0	95460	1	8099	27	13	70	0	0	0	0	1	19643	0	0	1	19643	0	0	0	0	0	0	26	2	1	21031	0	1	0	29
1070764	31	2	0	60	2	242	1	1	0	0	1	13	154496	0	0	0	0	1	6877	13	14	22	0	0	0	0	3	154496	1	138952	2	15544	0	0	0	0	0	0	3	1	0	166476	0	1	0	0
1071111	31	2	1	48	1	224	1	2	0	0	1	22	6017	14	41847	41847	0	1	9266	22	13	59	0	0	0	0	1	6017	0	0	1	6017	0	0	0	0	0	0	22	1	0	22146	0	0	0	0
1072054	31	2	1	48	1	236	1	1	0	0	3	12	33500	17	58721	0	0	1	7822	11	13	13	4026	58721	1	26470	1	33500	0	0	1	33500	0	0	0	0	0	0	1	1	0	61560	26470	0	0	4
1073668	31	2	0	54	3	143	2	4	0	0	0	7	0	0	0	0	0	1	-1086	7	15	16	52120	0	0	0	0	0	0	0	0	0	0	0	0	0	0	0	2	1	0	2603	0	1	0	56
1140801	31	1	0	56	6	287	1	4	0	0	0	7	15776	15	74040	5080	68960	1	-1886	7	13	61	207900	0	0	0	3	15776	1	15067	2	709	0	0	0	0	0	0	26	2	1	19935	4159	1	0	50
1142199	31	1	1	56	1	268	1	1	0	0	3	326	659260	17	2966630	0	0	1	157234	159	13	27	234840	2966630	2	1389655	3	659260	1	99530	2	559730	0	0	0	0	0	0	1	1	0	2297333	1491282	0	0	0
1144111	31	1	1	48	2	306	1	2	0	0	0	3	8835	0	0	0	0	1	22511	3	13	6	25000	0	1	28012	2	8835	2	8835	0	0	0	0	0	0	0	0	1	1	0	60511	28012	0	0	0
1145578	31	1	1	36	1	202	4	2	0	0	3	28	3967	25	439119	1551	48395	1	4803	27	13	96	44090	389173	1	9069	4	3967	2	3451	2	516	0	0	0	0	0	0	35	2	0	13036	9069	0	0	6
1146085	31	1	0	64	3	227	3	1	0	0	0	7	272013	0	0	0	0	1	4672	7	13	10	0	0	0	0	3	272013	1	220785	2	51228	0	0	0	0	0	0	0	1	0	282563	200	1	0	0
1148038	31	1	1	44	1	149	1	1	0	0	1	76	233181	8	243083	0	55157	2	21926	63	13	98	64300	187926	2	100228	3	233181	2	199964	1	33217	0	0	0	0	0	0	44	2	0	388398	104631	0	0	0
1148351	31	1	1	46	1	170	1	4	0	0	3	52	18319	0	11310	11310	0	3	47	47	13	81	0	0	0	0	3	18319	2	18059	1	260	0	0	0	0	0	0	33	2	1	31762	0	0	0	90
1160308	31	1	1	60	1	241	4	3	0	0	1	20	0	0	0	0	0	1	241827	20	13	23	31666	0	0	0	0	0	0	0	0	0	0	0	0	0	0	0	7	1	0	230627	100	0	0	0
1163226	31	1	1	42	1	196	1	2	0	0	4	31	0	0	0	0	0	1	8747	31	13	83	4000	0	0	0	0	0	0	0	0	0	0	0	0	0	0	0	39	2	0	22850	400	0	0	15
1166646	31	1	1	25	2	84	3	4	0	0	0	12	139	0	0	0	0	1	13516	12	16	36	0	0	0	0	1	139	0	0	1	139	0	0	0	0	0	0	17	1	0	11414	0	0	0	0
1168744	31	1	1	25	2	64	3	3	0	0	0	9	0	0	0	0	0	1	3481	9	13	41	0	0	0	0	0	0	0	0	0	0	0	0	0	0	0	0	20	1	0	7490	0	0	0	4
1168833	31	1	0	56	5	63	3	4	0	0	0	4	0	0	0	0	0	1	5194	4	14	12	0	0	0	0	0	0	0	0	0	0	0	0	0	0	0	0	0	1	1	3465	0	1	0	0
1220702	31	1	1	61	1	824	1	1	0	0	0	18	205809	9	135303	0	0	1	5408	18	13	58	26000	135303	0	0	5	205809	2	173852	3	31957	0	0	0	0	0	0	12	2	1	217296	0	0	0	0
1242198	31	1	1	65	1	285	3	4	0	0	1	9	58751	0	0	0	0	1	5303	9	13	24	35000	0	1	133046	3	58751	2	25994	1	32757	0	0	0	0	0	0	0	1	0	194506	133046	0	0	0
1242213	31	1	1	46	2	262	2	1	0	0	0	18	177147	0	0	0	0	1	14068	13	13	13	0	0	4	268800	3	177147	1	57737	2	119410	0	0	0	0	0	0	1	1	0	466205	268800	0	0	0
1243652	31	3	0	39	2	145	1	1	0	0	0	143	9801	0	0	0	0	1	13168	143	13	53	0	0	0	0	1	9801	1	9801	0	0	0	0	0	0	0	0	38	1	0	813164	540609	1	0	34
1244834	75	1	1	36	2	198	1	4	0	0	0	16	109	0	0	0	0	1	18705	16	13	41	0	0	0	0	1	109	0	0	1	109	0	0	0	0	0	0	17	1	0	15885	200	0	0	0
1247285	31	1	1	53	1	133	1	2	0	0	0	4	15096	0	357628	0	0	1	849	4	13	4	0	357628	1	21858	3	15096	2	14874	1	222	0	0	0	0	0	0	0	1	0	47424	26817	0	0	39
1248238	31	1	1	42	1	115	1	2	0	0	0	26	42836	14	129614	1133	128481	1	878	3	14	58	0	0	0	0	2	42836	1	15476	1	27360	0	0	0	0	0	0	19	1	0	42836	0	0	0	15
1248490	11	1	1	61	1	148	4	4	0	0	0	12	375122	9	7781	7781	0	1	3705	11	13	32	0	0	1	27498	3	375122	2	344177	1	30945	0	0	0	0	0	0	7	1	0	409249	27498	0	0	0
1248958	31	1	0	34	2	96	2	3	0	0	1	12	0	95	14504	11989	2515	1	12163	12	13	31	0	0	0	0	0	0	0	0	0	0	0	0	0	0	0	0	14	1	0	21504	0	1	0	0
1251267	31	2	0	43	1	244	2	2	0	0	1	9	0	0	0	0	0	1	3047	9	13	47	0	0	0	0	0	0	0	0	0	0	0	0	0	0	0	0	30	1	0	1200	0	1	0	0
1251654	92	2	1	42	2	230	2	1	0	0	1	21	220451	0	0	0	0	1	14388	19	13	30	0	0	0	0	4	220451	2	160602	2	59849	0	0	0	0	0	0	11	1	0	220582	0	0	0	0
1251804	31	2	0	62	3	283	3	1	0	0	1	18	901767	0	0	0	0	1	7015	18	13	35	0	0	1	434097	5	901767	2	529193	2	143625	1	228949	0	0	0	0	2	1	0	1379220	462673	1	0	0
1252486	31	2	1	46	1	198	1	1	0	0	1	24	90769	20	260467	0	0	1	4771	22	13	51	0	260467	0	0	4	90769	2	49761	2	41008	0	0	0	0	0	0	0	1	0	96430	0	0	0	0
1253621	31	1	0	35	2	185	1	2	0	0	0	16	7136	0	0	0	0	1	6667	16	14	31	0	0	0	0	1	7136	1	7136	0	0	0	0	0	0	0	0	3	1	0	23769	0	1	0	2
1253792	31	2	0	43	3	148	2	3	0	0	1	3	0	0	0	0	0	1	126582	3	16	5	0	0	0	0	0	0	0	0	0	0	0	0	0	0	0	0	0	1	0	126509	0	1	0	0
1253928	31	3	0	25	2	142	3	3	0	0	0	1	809	0	0	0	0	1	1352	1	13	15	10000	0	0	0	1	809	0	0	1	809	0	0	0	0	0	0	0	1	1	10632	0	1	0	2
1256165	11	1	0	32	5	111	2	2	0	0	0	15	63567	19	173002	0	0	2	3961	13	14	29	0	173002	0	0	4	63567	2	33567	2	30000	0	0	0	0	0	0	6	1	0	77651	0	1	0	0
1257687	31	1	0	32	2	79	2	3	0	0	0	0	665	0	0	0	0	1	2193	0	14	2	0	0	0	0	2	665	0	0	2	665	0	0	0	0	0	0	1	1	0	1439	0	1	0	0
1259796	31	1	0	34	4	121	1	1	0	0	0	21	147923	5	27483	0	27483	2	4507	21	13	46	0	0	0	0	3	147923	1	144485	2	3438	0	0	0	0	0	0	17	2	0	157724	0	1	0	3
1261282	31	2	1	28	1	42	3	3	0	0	3	14	0	0	0	0	0	1	2778	14	13	47	0	0	0	0	0	0	0	0	0	0	0	0	0	0	0	0	22	1	0	7119	0	0	0	11
1270161	31	2	1	33	1	121	1	2	0	0	0	29	52746	0	0	0	0	1	14013	29	13	83	0	0	0	0	4	52746	2	22762	2	29984	0	0	0	0	0	0	20	3	1	72633	0	0	0	0
1270333	31	2	0	31	2	110	3	4	0	0	0	39	266	0	0	0	0	1	4443	39	15	14	0	0	0	0	2	266	0	0	2	266	0	0	0	0	0	0	6	2	1	2938	0	1	0	15
1322982	31	1	1	65	1	316	1	1	0	0	2	35	28029	6	12172	0	0	1	9529	35	13	75	0	12172	1	84117	4	28029	2	16290	2	11739	0	0	0	0	0	0	17	1	0	242036	121843	0	0	4
1332460	31	2	1	40	1	94	2	2	0	0	0	6	57509	0	0	0	0	1	5268	6	13	23	0	0	1	15585	1	57509	1	57509	0	0	0	0	0	0	0	0	4	1	0	76879	15585	0	0	0
1333915	31	1	0	47	1	167	1	1	0	0	0	19	117452	0	0	0	0	1	3544	18	14	36	15000	0	1	121545	3	117452	1	71103	2	46349	0	0	0	0	0	0	16	1	0	242732	121545	1	0	3
1335795	31	1	0	48	4	49	2	2	0	0	1	13	0	0	0	0	0	1	5168	13	13	42	0	0	0	0	0	0	0	0	0	0	0	0	0	0	0	0	17	1	0	9088	0	1	0	0
1340327	31	3	0	57	2	307	2	2	0	0	2	11	3183	0	0	0	0	1	2838	11	13	38	26000	0	0	0	1	3183	0	0	1	3183	0	0	0	0	0	0	11	1	0	7819	500	1	0	34
1341444	75	3	0	43	2	278	1	1	0	0	1	30	169421	0	0	0	0	1	19627	25	13	22	0	0	0	0	3	169421	2	135284	1	34137	0	0	0	0	0	0	10	1	0	202618	0	1	0	0
1342937	31	1	1	53	1	240	1	4	0	-5	0	5	118230	78	409008	75960	333048	1	-67074	5	13	10	90920	0	0	0	1	118230	1	118230	0	0	0	0	0	0	0	0	0	1	0	118230	0	0	0	90
1344160	31	3	1	47	2	215	1	4	0	0	1	10	70374	0	0	0	0	1	86787	10	13	3	0	0	0	0	2	70374	2	70374	0	0	0	0	0	0	0	0	0	1	0	168287	0	0	0	0
1345527	31	1	0	54	1	185	2	4	0	-2	2	13	268	7	20450	20450	0	1	-5163	13	13	27	187560	0	0	0	1	268	0	0	1	268	0	0	0	0	0	0	9	1	0	468	200	1	0	77
1347052	75	3	0	23	2	147	3	1	0	0	1	17	159247	0	0	0	0	1	17641	17	13	33	0	0	0	0	2	159247	2	159247	0	0	0	0	0	0	0	0	17	1	0	179540	0	1	0	0
1352981	31	1	0	53	2	172	1	3	0	0	0	1	4500	0	156124	0	42927	1	5103	1	13	31	0	113197	0	0	3	4500	2	2000	1	2500	0	0	0	0	0	0	16	1	0	7610	500	1	0	0
1353440	31	2	0	30	2	144	2	1	0	0	0	18	58420	0	0	0	0	2	4716	18	13	34	0	0	0	0	3	58420	2	0	1	58420	0	0	0	0	0	0	13	1	0	70026	0	1	0	2
1353988	69	3	1	37	1	101	1	4	0	0	2	27	127	0	0	0	0	1	11499	27	13	36	0	0	0	0	1	127	0	0	1	127	0	0	0	0	0	0	17	1	0	13234	0	0	0	0
1421629	31	1	1	63	1	825	4	3	0	0	3	15	0	0	0	0	0	1	8654	15	13	41	48000	0	0	0	0	0	0	0	0	0	0	0	0	0	0	0	0	1	0	12663	0	0	0	0
1440389	31	2	1	57	1	302	2	2	0	0	6	12	14766	0	0	0	0	1	4565	12	13	55	0	0	0	0	1	14766	0	0	1	14766	0	0	0	0	0	0	1	1	0	16013	0	0	0	0
1441107	31	1	0	42	2	282	2	4	0	0	0	9	2897	0	0	0	0	1	7082	9	14	13	0	0	0	0	1	2897	0	0	0	0	1	2897	0	0	0	0	0	1	0	14089	0	1	0	0
1442807	31	1	1	63	1	244	6	2	0	0	0	13	742	7	8574	8574	0	2	10615	13	13	57	53920	0	0	0	2	742	1	0	1	742	0	0	0	0	0	0	21	2	0	5506	0	0	0	11
1444022	31	1	1	36	2	214	1	4	0	0	1	29	14501	7	13369	0	13369	1	5877	29	13	49	0	0	0	0	2	14501	1	2001	1	12500	0	0	0	0	0	0	10	2	1	19773	0	0	0	1
1444770	31	1	1	39	2	194	4	2	0	0	2	13	0	9	18014	18014	0	1	6629	13	13	42	0	0	0	0	0	0	0	0	0	0	0	0	0	0	0	0	10	1	0	11222	0	0	0	0
1446050	31	1	1	30	2	159	4	4	0	0	3	14	0	0	0	0	0	1	4259	14	13	35	0	0	0	0	0	0	0	0	0	0	0	0	0	0	0	0	0	1	1	857	0	0	0	5
1446398	82	1	1	59	3	221	2	1	0	0	5	25	157081	0	0	0	0	1	2420	13	14	45	12000	0	0	0	3	157081	1	74942	2	82139	0	0	0	0	0	0	13	1	0	160182	0	0	0	15
1451038	31	2	0	38	1	190	1	1	0	0	1	19	120759	8	13869	13869	0	1	-869	18	13	50	156000	0	0	0	2	120759	1	120590	1	169	0	0	0	0	0	0	26	2	1	121059	300	1	0	40
1452460	31	2	1	59	1	106	2	1	0	0	0	0	97293	0	0	0	0	1	4138	0	23	1	0	0	0	0	3	97293	1	40448	2	56845	0	0	0	0	0	0	0	2	0	201602	101122	0	0	0
1470770	31	1	1	34	2	145	4	4	0	0	1	8	27827	0	0	0	0	1	1647	7	13	10	0	0	0	0	4	27827	2	21615	2	6212	0	0	0	0	0	0	1	1	0	32962	0	0	0	30
1471063	31	1	0	31	2	133	3	2	0	0	0	12	84086	0	0	0	0	1	14446	12	14	16	0	0	0	0	1	84086	0	0	1	84086	0	0	0	0	0	0	8	1	0	93338	0	1	0	0
1481943	31	1	0	30	1	73	2	3	0	0	1	20	0	0	0	0	0	1	6592	20	13	43	0	0	0	0	0	0	0	0	0	0	0	0	0	0	0	0	0	1	1	4874	0	1	0	5
1540032	65	1	0	54	3	314	2	4	0	0	6	30	121	0	3222	3222	0	1	716	30	13	89	0	0	0	0	1	121	0	0	1	121	0	0	0	0	0	0	21	1	0	321	200	1	0	38
1543359	65	1	1	48	1	225	8	3	0	0	2	6	0	0	0	0	0	1	2371	6	14	14	39000	0	0	0	0	0	0	0	0	0	0	0	0	0	0	0	5	1	0	2997	0	0	0	0
1547438	31	1	0	21	2	136	3	3	0	0	3	4	0	0	0	0	0	1	2972	4	13	33	0	0	0	0	0	0	0	0	0	0	0	0	0	0	0	0	14	1	0	2147	0	1	0	0
1547469	64	1	0	47	1	135	3	2	0	0	1	12	10686	0	0	0	0	1	4103	12	13	44	36500	0	0	0	1	10686	1	10686	0	0	0	0	0	0	0	0	0	1	0	11930	0	1	0	15
1547622	32	5	1	64	1	131	1	2	0	0	0	18	224	12	39552	0	39552	1	-1350	18	13	58	0	0	0	0	1	224	0	0	1	224	0	0	0	0	0	0	19	1	0	1184	0	0	0	57
1548475	65	1	0	40	2	95	2	2	0	0	0	20	0	0	0	0	0	1	5325	20	13	68	0	0	0	0	0	0	0	0	0	0	0	0	0	0	0	0	18	1	0	3177	250	1	0	9
1560147	65	4	0	59	1	177	3	2	0	0	2	5	47110	17	21720	0	21720	1	4421	5	14	18	0	0	0	0	3	47110	1	2231	1	44879	1	0	0	0	0	0	0	1	0	53111	0	1	0	0
1563426	32	3	1	31	4	88	4	3	0	0	1	6	0	14	98368	1353	0	1	1605	6	14	33	0	97015	0	0	0	0	0	0	0	0	0	0	0	0	0	0	13	1	0	0	0	0	0	14
1563933	65	1	1	28	2	75	2	3	0	0	0	6	0	18	40778	0	40778	1	4456	6	13	10	0	0	0	0	0	0	0	0	0	0	0	0	0	0	0	0	4	1	0	7947	0	0	0	0
1565135	65	4	0	31	1	49	2	3	0	0	0	8	0	0	0	0	0	3	4371	8	13	43	0	0	0	0	0	0	0	0	0	0	0	0	0	0	0	0	5	3	0	8840	0	1	0	0
1565139	65	1	0	22	2	49	3	3	0	0	2	1	0	0	0	0	0	1	660	1	16	10	0	0	0	0	0	0	0	0	0	0	0	0	0	0	0	0	5	1	0	9039	0	1	0	0
1565403	31	2	0	25	2	42	3	3	0	0	3	2	17733	0	0	0	0	1	977	2	14	23	0	0	0	0	1	17733	1	17733	0	0	0	0	0	0	0	0	10	1	0	18054	0	1	0	1
1620257	31	3	1	60	1	833	1	1	0	0	2	48	143572	7	18401	18401	0	1	31761	45	13	31	45000	0	0	0	3	143572	2	114049	1	29523	0	0	0	0	0	0	10	1	0	200939	4823	0	0	0
1631079	82	3	1	65	1	813	4	1	0	0	0	13	98172	38	213391	15986	21727	1	2745	11	13	30	216384	175678	0	0	3	98172	2	65804	1	32368	0	0	0	0	0	0	5	1	0	185042	81581	0	0	2
1642998	31	2	1	57	1	259	4	2	0	0	1	14	115	8	26895	26895	0	1	11415	14	13	53	438	0	0	0	1	115	0	0	1	115	0	0	0	0	0	0	10	1	0	19023	200	0	0	0
1648920	31	3	0	32	1	96	3	3	0	0	5	5	0	0	1015	1015	0	1	161	5	16	16	0	0	0	0	0	0	0	0	0	0	0	0	0	0	0	0	0	1	1	0	0	1	0	51
1741830	31	3	1	58	3	256	1	4	0	-2	4	13	324	2	6944	0	6944	1	-2807	12	14	36	0	0	0	0	2	324	1	0	1	324	0	0	0	0	0	0	0	1	1	4815	0	0	0	68
1743295	31	4	0	30	2	205	2	2	0	0	0	5	2390	0	0	0	0	1	3668	5	13	29	0	0	0	0	1	2390	0	0	1	2390	0	0	0	0	0	0	0	1	0	2553	0	1	0	2
1744033	31	3	1	27	2	184	3	2	0	0	0	15	0	0	0	0	0	1	24695	15	13	19	0	0	0	0	1	0	1	0	0	0	0	0	0	0	0	0	6	1	0	31776	9045	0	0	0
1744901	31	1	1	32	2	154	1	2	0	0	0	8	878	0	0	0	0	1	8529	8	14	20	0	0	0	0	2	878	0	0	1	131	1	747	0	0	0	0	0	1	1	10820	0	0	0	0
1745446	31	1	0	37	2	136	4	2	0	0	3	5	92133	0	0	0	0	1	18998	5	13	30	0	0	0	0	2	92133	1	51249	1	40884	0	0	0	0	0	0	7	1	0	109938	0	1	0	0
1745714	31	3	1	51	1	127	2	1	0	0	0	26	172571	0	0	0	0	2	24283	26	14	37	0	0	1	33346	2	172571	1	115867	1	56704	0	0	0	0	0	0	13	3	2	262991	39526	0	0	0
1745836	31	2	0	29	2	123	3	3	0	0	0	0	0	0	0	0	0	1	16422	0	15	9	0	0	0	0	0	0	0	0	0	0	0	0	0	0	0	0	0	1	1	15627	0	1	0	0
1746583	31	2	0	30	2	153	3	2	0	0	0	30	108	0	0	0	0	1	2515	30	13	35	35000	0	0	0	1	108	0	0	1	108	0	0	0	0	0	0	16	1	0	3722	0	1	0	41
1747141	31	3	0	27	2	102	2	3	0	0	1	7	27947	0	2020	2020	0	1	1163	7	13	35	0	0	0	0	3	27947	1	26742	2	1205	0	0	0	0	0	0	0	1	1	27947	0	1	0	27
1840155	47	1	1	46	1	303	2	1	0	0	0	31	8000	0	0	0	0	1	4542	21	14	43	31400	0	0	0	2	8000	0	0	2	8000	0	0	0	0	0	0	13	1	0	12545	0	0	0	1
1842250	32	1	1	52	1	158	1	3	0	0	2	31	39800	14	29551	24042	5509	1	3925	14	15	48	0	0	0	0	2	39800	2	39800	0	0	0	0	0	0	0	0	15	2	1	48937	500	0	0	3
1843330	77	4	1	26	1	99	3	1	0	0	0	47	99999	0	0	0	0	1	8633	14	13	51	0	0	0	0	2	99999	2	99999	0	0	0	0	0	0	0	0	26	2	0	115628	0	0	0	0
1843784	32	4	1	60	1	85	1	4	0	0	1	19	15544	12	99206	0	99206	1	3876	19	13	45	0	0	0	0	2	15544	0	0	2	15544	0	0	0	0	0	0	8	1	0	19890	0	0	0	0
1847382	32	1	1	56	1	48	3	4	0	0	0	4	139	47	3690	0	3690	1	2127	4	15	12	0	0	0	0	1	139	0	0	1	139	0	0	0	0	0	0	0	1	1	757	0	0	0	3
1940715	31	2	1	48	1	302	1	1	0	0	0	12	160342	0	0	0	0	1	1636	12	13	19	10000	0	0	0	2	160342	2	160342	0	0	0	0	0	0	0	0	9	2	1	169649	200	0	0	3
1940826	31	1	1	53	1	300	1	2	0	0	2	23	30000	8	116975	0	0	1	6444	23	13	49	0	116975	0	0	1	30000	0	0	1	30000	0	0	0	0	0	0	0	2	1	40237	0	0	0	0
1943953	31	1	1	54	1	234	2	1	0	0	3	39	332628	0	0	0	0	1	73650	39	14	73	0	0	0	0	3	332628	1	101470	2	231158	0	0	0	0	0	0	20	1	0	369958	0	0	0	0
1945822	31	2	1	50	1	198	1	2	0	0	0	13	18435	0	0	0	0	1	5829	13	15	9	0	0	0	0	3	18435	2	18277	1	158	0	0	0	0	0	0	0	1	0	22231	0	0	0	0
1948567	31	4	1	42	1	137	1	2	0	0	1	20	0	0	0	0	0	1	19738	20	14	57	21000	0	0	0	0	0	0	0	0	0	0	0	0	0	0	0	17	1	0	27334	0	0	0	0
1949061	31	1	0	35	5	124	2	4	0	0	2	5	16926	0	5475	5475	0	1	-2540	5	13	20	72000	0	0	0	2	16926	1	16926	1	0	0	0	0	0	0	0	6	1	0	17032	0	1	0	75
1951789	31	1	1	52	1	79	1	2	0	0	5	36	0	0	0	0	0	1	-607	36	13	96	0	0	0	0	0	0	0	0	0	0	0	0	0	0	0	0	37	2	0	4751	328	0	0	50
1954221	31	2	1	22	2	46	3	4	0	0	2	4	0	0	0	0	0	1	2095	4	13	24	0	0	0	0	0	0	0	0	0	0	0	0	0	0	0	0	13	2	1	2146	0	0	0	0
1954469	17	1	1	32	2	43	1	1	0	0	0	13	139827	0	0	0	0	1	35957	13	15	36	0	0	0	0	1	139827	0	0	1	139827	0	0	0	0	0	0	20	1	0	177681	0	0	0	0
1954567	31	1	1	53	1	97	1	2	0	0	2	31	2128	3	46470	0	46470	1	8250	31	13	87	0	0	0	0	1	2128	1	2128	0	0	0	0	0	0	0	0	30	1	0	23099	0	0	0	21
1980169	31	1	0	52	3	94	1	2	0	0	0	19	10000	28	303289	0	0	1	5946	19	13	43	0	303289	0	0	1	10000	0	0	1	10000	0	0	0	0	0	0	18	1	0	21313	0	1	0	0
2010271	31	4	0	47	1	325	2	1	0	0	2	11	169675	4	8798	8798	0	1	3771	11	13	45	0	0	0	0	4	169675	2	103306	2	66369	0	0	0	0	0	0	19	1	0	172596	0	1	0	0
2040354	31	4	1	22	2	325	3	2	0	0	1	0	103	0	0	0	0	1	1539	0	20	3	0	0	0	0	2	103	1	0	1	103	0	0	0	0	0	0	0	1	0	314511	302946	0	0	0
2041990	75	4	1	24	2	153	3	2	0	0	3	8	64950	0	0	0	0	1	17267	8	13	36	0	0	0	0	2	64950	0	0	2	64950	0	0	0	0	0	0	8	1	0	93117	0	0	0	0
2042998	31	4	1	56	1	91	1	2	0	0	0	17	81996	0	0	0	0	1	3815	17	13	24	0	0	0	0	2	81996	1	55962	1	26034	0	0	0	0	0	0	6	1	0	87029	0	0	0	0
2242627	31	3	1	50	1	258	2	4	0	0	0	1	0	0	0	0	0	1	1316	1	14	18	26000	0	0	0	0	0	0	0	0	0	0	0	0	0	0	0	1	1	0	1205	0	0	0	0
2244844	31	3	0	40	2	203	2	2	0	0	1	38	23622	19	976560	0	0	1	11530	38	13	63	0	976560	1	33026	3	23622	2	12785	1	10837	0	0	0	0	0	0	41	1	0	80185	33026	1	0	0
2245902	31	3	1	49	1	268	2	3	0	0	0	6	0	0	0	0	0	1	6171	6	13	23	0	0	0	0	0	0	0	0	0	0	0	0	0	0	0	0	13	1	0	2351	0	0	0	0
2246052	31	1	1	38	1	170	4	4	0	-2	1	11	6755	20	38177	38177	0	1	5018	11	15	23	0	0	0	0	1	6755	0	0	1	6755	0	0	0	0	0	0	1	2	0	6755	0	0	0	5
2246786	31	1	1	27	2	147	3	1	0	0	0	4	222619	0	0	0	0	1	20633	4	13	27	20500	0	1	26051	3	222619	2	190790	1	31829	0	0	0	0	0	0	11	1	0	272554	28314	0	0	0
2248243	31	1	1	36	1	108	1	3	0	0	1	19	100	0	12267	12267	0	1	-928	19	13	67	0	0	0	0	1	100	0	0	1	100	0	0	0	0	0	0	42	2	0	100	0	0	0	52
2343834	31	1	1	50	1	183	1	1	0	0	0	12	126467	0	0	0	0	1	4801	12	13	20	0	0	0	0	3	126467	0	0	2	39589	1	86878	0	0	0	0	3	1	0	133631	0	0	0	0
2344870	31	1	0	49	3	151	3	1	0	0	3	9	159730	0	0	0	0	1	5446	6	13	30	0	0	2	57640	3	159730	1	104496	1	14289	1	40945	0	0	0	0	13	1	0	218098	58106	1	0	0
2345955	31	2	0	26	2	113	2	3	0	0	2	8	3242	10	16544	0	16544	1	1794	8	13	21	0	0	0	0	2	3242	1	0	1	3242	0	0	0	0	0	0	1	1	0	8369	0	1	0	41
2442410	31	1	1	47	1	261	4	2	0	0	2	46	0	4	25574	0	24693	2	23547	46	14	33	0	881	0	0	0	0	0	0	0	0	0	0	0	0	0	0	11	1	0	17365	0	0	0	32
2443106	31	1	0	42	1	245	3	1	0	0	2	17	82424	8	65599	4440	61159	1	-1678	13	13	57	0	0	0	0	3	82424	1	10143	1	32187	1	40094	0	0	0	0	6	1	0	90049	7625	1	0	60
2443795	31	1	1	39	2	229	4	2	0	0	1	84	2855	30	222556	0	23624	1	50394	83	14	41	0	198932	0	0	3	2855	0	0	2	2338	1	517	0	0	0	0	24	1	0	69288	500	0	0	42
2444407	31	1	1	43	1	212	1	1	0	0	1	16	119071	40	59942	0	12106	1	8465	16	13	63	53200	47836	1	199152	2	119071	2	119071	0	0	0	0	0	0	0	0	22	2	0	347292	207527	0	0	0
2444470	31	1	1	37	2	211	1	3	0	0	2	11	0	0	0	0	0	1	2045	11	13	50	0	0	0	0	0	0	0	0	0	0	0	0	0	0	0	0	0	1	1	1391	0	0	0	29
2445019	31	1	1	48	1	197	2	2	0	0	0	12	0	0	0	0	0	1	2983	12	15	21	45000	0	0	0	0	0	0	0	0	0	0	0	0	0	0	0	1	2	1	5609	0	0	0	0
2446098	31	1	0	37	1	169	2	2	0	0	3	8	1423	0	0	0	0	1	9270	8	13	39	9332	0	0	0	1	1423	0	0	1	1423	0	0	0	0	0	0	11	1	0	6285	0	1	0	0
2447555	31	1	0	27	2	129	3	2	0	0	0	8	22028	0	0	0	0	1	12124	8	13	30	0	0	0	0	1	22028	0	0	1	22028	0	0	0	0	0	0	13	1	0	32723	0	1	0	0
2448110	31	1	0	28	2	117	2	3	0	0	1	7	0	0	50	50	0	1	816	7	13	30	0	0	0	0	0	0	0	0	0	0	0	0	0	0	0	0	7	1	0	0	0	1	0	38
2448710	31	1	1	42	1	103	4	3	0	0	0	27	0	0	24843	2486	22357	2	5991	27	13	32	0	0	0	0	0	0	0	0	0	0	0	0	0	0	0	0	15	2	1	0	0	0	0	14
2448738	31	1	1	30	2	103	2	2	0	0	1	9	12042	0	0	0	0	1	19635	9	13	50	0	0	0	0	1	12042	0	0	1	12042	0	0	0	0	0	0	20	2	1	29564	0	0	0	0
2450027	31	1	1	50	1	253	4	1	0	0	1	36	88021	4	107234	0	0	1	5093	28	13	79	0	107234	0	0	2	88021	1	35000	0	0	1	53021	0	0	0	0	8	1	0	99035	0	0	0	20
2453076	31	1	0	50	1	175	1	1	0	0	1	17	119291	0	0	0	0	1	5337	17	13	40	5100	0	0	0	3	119291	1	115522	2	3769	0	0	0	0	0	0	8	1	0	129390	0	1	0	0
2453649	31	1	1	54	1	216	1	1	0	0	1	18	55631	0	0	0	0	1	7134	18	13	56	10000	0	0	0	2	55631	0	0	2	55631	0	0	0	0	0	0	23	2	1	68340	0	0	0	6
2454557	31	2	0	30	1	137	2	2	0	0	0	17	83450	0	0	0	0	1	9560	14	30	4	0	0	1	20789	2	83450	2	83450	0	0	0	0	0	0	0	0	0	2	2	110382	20789	1	0	1
2454653	31	1	0	52	3	133	1	2	0	0	0	17	19630	0	0	0	0	1	3404	17	13	56	0	0	0	0	1	19630	0	0	1	19630	0	0	0	0	0	0	22	2	1	24978	0	1	0	3
2460672	31	1	1	53	1	84	2	3	0	0	2	10	0	0	397	397	0	1	2926	10	13	20	0	0	0	0	0	0	0	0	0	0	0	0	0	0	0	0	5	1	0	0	0	0	0	7
2461145	31	1	1	51	1	76	1	3	0	0	3	23	0	0	0	0	0	1	8462	23	14	17	0	0	0	0	0	0	0	0	0	0	0	0	0	0	0	0	0	1	0	2909	0	0	0	3
2463043	31	1	0	37	2	48	2	4	0	0	0	1	0	0	0	0	0	1	878	1	16	7	0	0	0	0	0	0	0	0	0	0	0	0	0	0	0	0	0	1	1	1168	0	1	0	0
2540291	31	1	1	49	1	310	4	4	0	0	1	16	2104	13	42683	6195	24541	1	-4005	16	13	40	0	11947	2	80050	2	2104	1	2001	1	103	0	0	0	0	0	0	0	1	1	82354	80250	0	0	68
2540740	9	1	0	64	1	325	2	2	0	0	1	20	43078	0	0	0	0	1	7973	20	13	37	0	0	0	0	3	43078	1	16267	2	26811	0	0	0	0	0	0	0	1	0	51175	0	1	0	0
2543530	31	1	0	52	2	240	2	3	0	0	1	10	0	0	0	0	0	1	7461	10	13	35	0	0	0	0	0	0	0	0	0	0	0	0	0	0	0	0	15	1	0	11715	200	1	0	0
2544606	31	1	1	50	1	220	1	2	0	0	0	25	4665	0	0	0	0	1	7244	25	13	63	50390	0	0	0	1	4665	0	0	1	4665	0	0	0	0	0	0	24	1	0	16486	0	0	0	5
2550181	31	1	1	52	1	305	2	1	0	0	1	30	49388	0	0	0	0	1	7124	30	13	57	0	0	2	225356	2	49388	1	16396	1	32992	0	0	0	0	0	0	19	1	0	284878	225356	0	0	0
2550846	31	1	1	55	1	206	2	2	0	0	2	9	37322	0	0	0	0	1	3337	9	13	34	0	0	0	0	2	37322	0	0	2	37322	0	0	0	0	0	0	9	1	0	44535	200	0	0	0
2552191	31	1	1	41	2	166	4	3	0	0	0	8	204	0	0	0	0	1	-1968	8	14	23	0	0	0	0	1	204	0	0	1	204	0	0	0	0	0	0	6	2	1	1109	0	0	0	70
2553811	31	1	0	55	1	146	1	2	0	0	2	9	31726	0	0	0	0	1	14976	9	13	43	0	0	0	0	1	31726	0	0	1	31726	0	0	0	0	0	0	26	1	0	38529	0	1	0	0
2555010	31	1	0	47	3	211	4	3	0	0	0	7	0	0	0	0	0	1	2814	7	14	24	0	0	0	0	0	0	0	0	0	0	0	0	0	0	0	0	1	1	0	5959	300	1	0	13
2557926	92	1	0	31	2	143	2	2	0	0	1	20	44289	6	32886	0	32886	1	6971	20	13	40	0	0	0	0	3	44289	2	36481	1	7808	0	0	0	0	0	0	12	1	0	51660	0	1	0	0
2557961	31	1	0	31	2	142	2	2	0	0	0	9	63516	0	0	0	0	1	4927	9	15	30	0	0	0	0	2	63516	2	63516	0	0	0	0	0	0	0	0	13	1	0	67263	0	1	0	16
2558744	31	1	1	44	3	124	2	2	0	0	3	14	26746	0	0	0	0	1	7117	14	13	35	0	0	0	0	1	26746	0	0	1	26746	0	0	0	0	0	0	13	1	0	33413	500	0	0	1
2559045	31	2	1	29	2	119	4	4	0	0	1	6	3007	6	8413	8413	0	1	2222	6	16	23	0	0	0	0	1	3007	1	3007	0	0	0	0	0	0	0	0	10	1	0	4683	0	0	0	0
2560564	31	1	0	36	1	88	2	4	0	0	1	4	0	0	2152	2152	0	1	-2817	4	13	20	0	0	0	0	0	0	0	0	0	0	0	0	0	0	0	0	12	1	0	0	0	1	0	90
2562152	31	1	0	28	1	72	3	2	0	0	2	2	48240	0	0	0	0	1	1816	2	13	16	0	0	0	0	2	48240	0	0	2	48240	0	0	0	0	0	0	5	1	0	70232	0	1	0	0
2564356	31	1	1	26	2	42	2	4	0	0	0	0	0	0	0	0	0	1	-87	0	43	1	0	0	0	0	0	0	0	0	0	0	0	0	0	0	0	0	0	1	1	0	0	0	0	60
2642500	82	7	0	42	3	216	1	1	0	0	3	15	115116	9	51247	11310	39937	1	-1572	15	13	30	0	0	0	0	3	115116	2	114964	1	152	0	0	0	0	0	0	7	1	0	116484	500	1	0	54
2643298	65	1	0	42	2	190	2	4	0	0	2	7	5861	16	17637	0	17637	1	2638	7	13	32	35500	0	0	0	1	5861	0	0	1	5861	0	0	0	0	0	0	12	1	0	11536	200	1	0	0
2645517	31	1	0	48	1	166	2	1	0	0	0	8	183	0	0	0	0	1	4088	8	14	27	0	0	0	0	2	183	1	0	1	183	0	0	0	0	0	0	0	1	0	8142	0	1	0	0
2649530	31	2	0	50	3	55	2	1	0	0	1	17	127248	0	0	0	0	1	4180	17	13	28	0	0	0	0	2	127248	1	89277	1	37971	0	0	0	0	0	0	10	1	0	132486	0	1	0	0
2740383	65	1	0	56	2	295	2	3	0	0	0	3	45081	0	0	0	0	1	3231	3	14	34	39000	0	0	0	2	45081	0	0	2	45081	0	0	0	0	0	0	13	1	0	46714	0	1	0	0
2740443	65	1	1	60	1	292	6	1	0	0	1	35	81286	0	0	0	0	1	7536	22	13	33	39942	0	3	291950	3	81286	1	10067	1	40000	1	31219	0	0	0	0	0	1	0	408302	324276	0	0	0
2741219	65	1	1	40	1	262	1	4	0	0	7	44	160354	6	358063	0	0	3	4669	33	13	81	58900	358063	1	8125	3	160354	1	129973	2	30381	0	0	0	0	0	0	9	3	0	185650	8747	0	0	36
2742152	65	2	0	53	3	205	2	2	0	0	0	3	12482	0	0	0	0	1	2729	3	16	7	0	0	1	14006	3	12482	0	0	3	12482	0	0	0	0	0	0	0	1	0	28622	14680	1	0	5
2743596	65	1	0	42	1	167	2	1	0	0	1	16	144648	0	0	0	0	2	6595	14	13	24	0	0	1	70917	2	144648	1	114648	1	30000	0	0	0	0	0	0	12	1	0	226767	73066	1	0	0
2743867	31	3	0	28	2	116	3	2	0	0	0	7	89248	0	0	0	0	2	6263	7	13	15	0	0	0	0	4	89248	1	28983	3	60265	0	0	0	0	0	0	1	1	0	99665	0	1	0	0
2744005	65	1	0	35	2	198	3	3	0	0	2	3	2116	45	5216	0	5216	1	1344	3	13	5	0	0	0	0	1	2116	1	2116	0	0	0	0	0	0	0	0	0	1	1	5901	0	1	0	0
2744349	65	1	1	25	2	87	4	3	0	0	1	5	34911	0	0	0	0	1	39711	5	16	6	0	0	0	0	2	34911	0	0	2	34911	0	0	0	0	0	0	1	1	0	88765	0	0	0	0
2840122	31	1	1	54	1	311	1	1	0	0	0	111	353070	0	0	0	0	1	126278	61	13	57	41500	0	2	113357	3	353070	2	321879	1	31191	0	0	0	0	0	0	18	2	0	515532	136090	0	0	0
2841077	31	1	1	42	1	280	1	2	0	0	1	11	0	10	3855	0	0	1	7012	11	14	29	26000	3855	0	0	0	0	0	0	0	0	0	0	0	0	0	0	4	1	0	8075	500	0	0	0
2842638	31	1	1	50	1	247	1	4	0	0	1	11	34210	0	0	0	0	1	8858	11	13	79	70800	0	1	50508	2	34210	0	0	2	34210	0	0	0	0	0	0	32	2	1	99633	50608	0	0	6
2844609	31	1	1	37	1	205	1	1	0	0	0	13	58461	16	128423	0	0	1	18926	13	13	43	20500	128423	0	0	2	58461	1	16199	1	42262	0	0	0	0	0	0	15	1	0	73489	1352	0	0	0
2844646	31	1	1	52	1	204	1	1	0	0	1	16	14030	0	0	0	0	1	6429	15	14	46	0	0	0	0	1	14030	0	0	1	14030	0	0	0	0	0	0	19	1	0	26980	898	0	0	0
2845006	31	1	0	58	1	197	1	2	0	0	2	32	92328	5	126742	0	126742	1	28136	31	13	85	0	0	0	0	1	92328	0	0	1	92328	0	0	0	0	0	0	42	1	0	116162	0	1	0	30
2846147	31	1	1	33	1	168	2	4	0	0	2	14	66458	6	18418	0	18418	1	5279	12	13	53	26000	0	0	0	3	66458	1	36041	2	30417	0	0	0	0	0	0	4	1	0	75044	0	0	0	1
2846228	9	1	1	50	1	268	2	2	0	-2	0	30	41475	13	40850	6061	34789	1	16450	30	13	47	0	0	0	0	2	41475	2	41475	0	0	0	0	0	0	0	0	12	1	0	53052	2000	0	0	0
2847806	31	1	1	30	2	130	3	3	0	0	1	12	10678	8	11153	428	10725	1	4643	12	14	56	55400	0	0	0	1	10678	1	10678	0	0	0	0	0	0	0	0	27	1	0	10678	0	0	0	9
2847818	31	1	0	51	5	130	2	2	0	0	0	27	13179	0	0	0	0	1	3368	27	13	41	20000	0	1	4461	1	13179	0	0	1	13179	0	0	0	0	0	0	5	1	0	19015	4461	1	0	54
2848485	31	1	0	43	3	117	1	1	0	0	5	61	38256	8	244178	17881	50437	2	42430	60	13	68	0	175860	0	0	3	38256	2	38129	1	127	0	0	0	0	0	0	18	2	0	42268	0	1	0	81
2849971	31	1	1	45	1	86	1	2	0	0	2	19	1003	0	0	0	0	1	15673	19	13	63	0	0	0	0	1	1003	0	0	1	1003	0	0	0	0	0	0	4	1	0	15832	0	0	0	0
2850135	31	2	0	41	3	82	2	2	0	0	4	13	5038	6	6262	6262	0	1	-768	13	13	54	0	0	0	0	2	5038	1	4868	1	170	0	0	0	0	0	0	16	1	0	5038	0	1	0	46
2850286	31	1	1	24	2	79	3	3	0	0	1	5	79912	0	0	0	0	1	1485	5	14	27	0	0	0	0	1	79912	1	79912	0	0	0	0	0	0	0	0	5	1	0	82733	0	0	0	20
2852336	32	1	0	42	1	42	2	3	0	0	0	5	0	0	0	0	0	1	1038	5	23	19	0	0	0	0	0	0	0	0	0	0	0	0	0	0	0	0	0	2	2	16	0	1	0	0
2941380	82	5	1	51	1	214	2	2	0	0	1	13	13455	27	88277	0	88277	1	4114	13	14	24	0	0	0	0	3	13455	2	12577	0	0	1	878	0	0	0	0	5	1	0	20695	500	0	0	8
2941573	82	5	0	47	1	199	1	3	0	0	0	20	105	9	131883	0	131883	2	-174	21	13	56	0	0	0	0	2	105	1	0	1	105	0	0	0	0	0	0	31	1	0	2779	0	1	0	57
3041942	31	2	1	57	1	256	2	2	0	0	0	13	286	9	2373	0	2373	1	7911	13	14	47	0	0	0	0	2	286	0	0	2	286	0	0	0	0	0	0	16	1	0	6063	0	0	0	0
3044574	31	1	0	48	2	297	2	3	0	0	2	29	0	3	21055	0	21055	1	-5194	28	13	65	0	0	0	0	1	0	1	0	0	0	0	0	0	0	0	0	11	3	2	5610	200	1	0	74
3142910	31	3	1	54	1	231	2	2	0	0	0	21	68783	8	20349	0	0	1	10118	17	13	10	0	20349	0	0	2	68783	1	41953	1	26830	0	0	0	0	0	0	2	1	0	80362	500	0	0	0
3143120	31	3	1	38	2	223	2	2	0	0	1	9	0	0	0	0	0	1	9199	9	13	27	0	0	0	0	0	0	0	0	0	0	0	0	0	0	0	0	14	1	0	14589	0	0	0	0
3145085	31	1	0	33	2	161	4	3	0	0	0	10	0	0	0	0	0	1	6331	10	13	24	39000	0	0	0	0	0	0	0	0	0	0	0	0	0	0	0	18	1	0	617	0	1	0	0
3145477	31	2	0	36	2	147	1	2	0	0	1	16	12174	0	0	0	0	1	5686	13	13	34	15000	0	0	0	1	12174	0	0	1	12174	0	0	0	0	0	0	15	1	0	21327	0	1	0	5
3145563	31	3	1	38	4	143	2	4	0	0	0	19	11075	7	23667	0	23667	1	4141	11	13	38	0	0	0	0	1	11075	0	0	1	11075	0	0	0	0	0	0	11	1	0	16469	0	0	0	0
3146067	81	3	1	59	2	123	1	4	0	-3	2	34	189	9	240408	62310	178098	2	-42411	34	13	43	290530	0	0	0	1	189	0	0	1	189	0	0	0	0	0	0	13	2	0	197	0	0	0	114
3146161	31	3	0	57	3	120	2	1	0	0	1	17	269112	0	0	0	0	1	3998	14	13	47	0	0	1	43179	3	269112	2	239112	1	30000	0	0	0	0	0	0	0	1	1	318116	43179	1	0	0
3243479	31	1	0	37	1	170	2	4	0	0	0	10	2125	0	0	0	0	1	3328	10	13	41	29090	0	0	0	1	2125	0	0	1	2125	0	0	0	0	0	0	16	1	0	5980	0	1	0	0
3243640	31	1	1	41	2	238	1	3	0	-2	0	14	279	12	29021	2131	26890	1	-5244	13	13	36	0	0	0	0	3	279	1	0	2	279	0	0	0	0	0	0	10	2	1	479	200	0	0	76
3244235	95	1	1	32	1	138	1	4	0	0	0	22	313	39	462600	237	13889	2	-2897	22	13	56	155260	448474	0	0	3	313	2	0	1	313	0	0	0	0	0	0	15	2	1	1178	0	0	0	97
3244536	31	1	0	50	3	125	2	3	0	0	0	3	0	0	0	0	0	1	2646	3	14	21	0	0	0	0	1	0	0	0	1	0	0	0	0	0	0	0	0	1	1	2541	0	1	0	0
3245197	31	1	1	45	2	102	4	3	0	0	1	7	2703	0	1037	1037	0	1	1570	6	13	15	0	0	0	0	1	2703	0	0	1	2703	0	0	0	0	0	0	0	1	1	2703	0	0	0	17
3250756	31	1	0	45	1	236	1	2	0	0	1	87	99953	8	257301	0	0	1	155776	87	13	58	0	257301	0	0	1	99953	1	99953	0	0	0	0	0	0	0	0	25	2	0	289655	0	1	0	0
3251040	31	2	0	53	3	224	1	2	0	0	2	107	2335	19	20394	0	20394	1	51583	107	14	31	0	0	0	0	1	2335	1	2335	0	0	0	0	0	0	0	0	4	1	0	27061	0	1	0	0
3253668	31	3	1	36	1	115	4	3	0	0	0	3	0	0	0	0	0	1	1188	3	21	6	7000	0	0	0	0	0	0	0	0	0	0	0	0	0	0	0	0	1	1	171	0	0	0	0
3256410	31	3	0	22	2	77	3	3	0	0	3	12	0	0	0	0	0	1	2994	12	13	56	0	0	0	0	0	0	0	0	0	0	0	0	0	0	0	0	31	2	0	4557	0	1	0	14
3340129	31	1	1	65	3	313	4	2	0	0	0	10	35397	0	3260	3260	0	1	138	10	13	27	50500	0	2	39521	3	35397	1	34740	2	657	0	0	0	0	0	0	5	1	0	75418	40021	0	0	51
3340480	31	1	1	60	1	306	1	2	0	0	0	58	34667	1	10370	0	10370	1	10789	46	14	64	0	0	0	0	1	34667	0	0	1	34667	0	0	0	0	0	0	23	3	0	59632	0	0	0	6
3341425	31	1	1	58	1	279	1	1	0	0	10	68	85716	0	0	0	0	2	22306	68	13	55	73950	0	0	0	3	85716	1	10143	2	75573	0	0	0	0	0	0	5	3	0	109336	750	0	0	0
3342318	31	1	1	44	1	256	1	2	0	0	3	15	155	0	0	0	0	1	5803	15	13	53	0	0	0	0	1	155	0	0	1	155	0	0	0	0	0	0	24	2	1	8222	0	0	0	3
3342565	31	1	1	36	2	249	2	2	0	0	0	5	11012	0	0	0	0	1	18392	1	13	37	84400	0	0	0	2	11012	1	0	1	11012	0	0	0	0	0	0	13	3	2	18939	0	0	0	0
3344663	31	1	1	19	2	191	3	3	0	0	2	1	57818	0	0	0	0	1	402	1	15	15	0	0	0	0	3	78967	2	57818	0	0	0	0	1	21149	0	0	0	2	1	81462	0	0	0	0
3345060	31	1	0	40	2	188	1	4	0	0	3	9	100	0	4929	4929	0	1	-2242	9	13	40	0	0	0	0	1	100	0	0	1	100	0	0	0	0	0	0	0	1	1	100	0	1	0	78
3348053	31	1	1	25	2	97	3	3	0	0	1	8	8037	0	0	0	0	1	3938	8	15	42	0	0	0	0	2	8037	1	7930	1	107	0	0	0	0	0	0	29	2	1	13221	0	0	0	7
3442066	82	1	1	40	2	238	1	3	0	0	0	2	0	0	0	0	0	1	5494	2	14	11	0	0	0	0	0	0	0	0	0	0	0	0	0	0	0	0	4	1	0	2529	0	0	0	0
3444017	82	1	1	31	2	152	2	2	0	0	0	9	50200	12	49172	12124	37048	1	-8161	9	13	41	0	0	0	0	4	50200	2	49822	2	378	0	0	0	0	0	0	22	1	0	50200	0	0	0	82
3460239	82	3	1	60	1	176	6	2	0	0	1	11	256	3	21444	0	21444	1	6048	10	13	52	0	0	0	0	1	256	0	0	1	256	0	0	0	0	0	0	10	1	0	36631	0	0	0	3
3460626	82	3	1	49	1	142	2	1	0	0	0	31	44014	8	186054	0	186054	1	7923	30	13	89	0	0	0	0	3	44014	2	43914	1	100	0	0	0	0	0	0	23	2	0	56232	311	0	0	0
3462789	82	3	0	29	1	67	1	1	0	0	1	11	122344	0	0	0	0	1	20118	9	14	36	14000	0	0	0	3	122344	2	103374	1	18970	0	0	0	0	0	0	8	1	0	143110	0	1	0	0
3740915	65	1	1	49	1	315	2	2	0	0	3	18	12176	17	147106	0	147106	1	14035	18	14	22	49930	0	0	0	2	12176	2	12176	0	0	0	0	0	0	0	0	0	1	0	15016	2558	0	0	0
3743601	65	1	1	39	2	161	1	1	0	0	1	18	150193	20	82914	0	82914	1	10523	18	13	39	0	0	0	0	4	150193	1	29237	3	120956	0	0	0	0	0	0	11	1	0	155301	0	0	0	0
3744033	64	1	0	31	2	152	1	1	0	0	3	32	67963	0	0	0	0	1	10307	32	13	62	0	0	1	14208	3	67963	2	10664	1	57299	0	0	0	0	0	0	24	1	0	90134	16754	1	0	0
3745854	65	1	1	43	1	137	1	2	0	0	0	28	26280	11	211408	0	211408	1	37582	28	14	54	0	0	0	0	3	26280	2	26178	1	102	0	0	0	0	0	0	18	1	0	55272	0	0	0	0
3746417	65	1	1	24	2	60	4	2	0	0	1	7	57361	0	0	0	0	1	5949	7	13	18	0	0	0	0	2	57361	1	49008	1	8353	0	0	0	0	0	0	6	1	0	58802	0	0	0	0
3841317	31	3	1	55	3	223	1	1	0	0	0	22	29891	0	0	0	0	1	5944	22	14	25	0	0	0	0	2	29891	0	0	2	29891	0	0	0	0	0	0	7	1	0	33658	0	0	0	0
4001437	81	1	0	52	3	148	2	4	0	0	1	3	200	9	14092	14092	0	1	-6145	3	13	20	0	0	1	19819	1	200	0	0	1	200	0	0	0	0	0	0	8	2	0	20019	19819	1	0	90
5000996	82	3	0	60	1	41	3	3	0	0	2	5	0	0	0	0	0	1	4047	5	14	8	0	0	0	0	0	0	0	0	0	0	0	0	0	0	0	0	0	1	0	3582	0	1	0	0
5002382	9	1	0	39	2	40	2	4	0	0	0	9	5616	0	0	0	0	1	4633	9	13	27	0	0	0	0	1	5616	0	0	1	5616	0	0	0	0	0	0	5	1	0	7579	0	1	0	0
5004713	31	1	1	42	1	39	1	2	0	0	0	13	100	0	0	0	0	1	378	13	13	44	0	0	0	0	1	100	0	0	1	100	0	0	0	0	0	0	9	1	0	1971	0	0	0	48
5004931	31	1	1	20	2	39	2	3	0	0	4	7	100	0	10329	10329	0	1	2038	7	13	29	0	0	0	0	2	100	1	0	1	100	0	0	0	0	0	0	9	1	0	200	0	0	0	2
5005108	31	1	1	26	2	39	3	2	0	0	3	3	6523	16	16031	16031	0	1	29985	1	14	19	55900	0	0	0	2	6523	0	0	2	6523	0	0	0	0	0	0	0	1	1	8331	0	0	0	0
5007656	82	2	1	32	1	38	4	4	0	0	1	5	0	0	2	2	0	1	2654	5	16	13	41710	0	0	0	0	0	0	0	0	0	0	0	0	0	0	0	0	4	4	0	0	0	0	5
5011589	65	3	1	30	2	37	2	4	0	0	0	8	3792	10	63839	0	63839	1	8298	8	13	44	35000	0	0	0	3	3792	2	3628	1	164	0	0	0	0	0	0	14	1	0	10532	0	0	0	1
5017549	31	1	1	29	4	34	2	2	0	0	0	8	73504	0	0	0	0	1	4021	7	13	49	1266	0	0	0	4	73504	2	34164	1	39340	0	0	1	0	0	0	15	1	0	74754	0	0	0	0
5018414	32	1	1	50	1	34	1	2	0	0	1	26	3600	15	393327	0	0	1	4619	26	13	100	0	393327	0	0	1	3600	0	0	1	3600	0	0	0	0	0	0	21	1	0	7826	0	0	0	5
5018684	82	2	0	29	2	34	4	4	0	0	0	40	22500	0	0	0	0	1	6820	32	13	32	10000	0	0	0	2	22500	1	2400	1	20100	0	0	0	0	0	0	1	1	0	25707	0	1	0	28
5021257	31	1	1	21	2	33	3	3	0	0	1	2	0	0	0	0	0	1	919	2	13	9	0	0	0	0	0	0	0	0	0	0	0	0	0	0	0	0	1	1	0	908	0	0	0	8
5023674	82	2	0	44	2	32	1	2	0	0	0	15	115577	34	242261	0	0	1	4852	13	13	19	0	242261	0	0	1	115577	0	0	1	115577	0	0	0	0	0	0	0	1	0	122951	2097	1	0	0
5023979	16	4	0	28	1	32	1	1	0	0	2	30	147118	4	75584	0	75584	1	10891	13	14	47	3500	0	0	0	2	147118	1	97710	1	49408	0	0	0	0	0	0	33	1	0	155202	0	1	0	2
5025493	31	2	1	40	2	31	1	4	0	0	0	20	104	0	0	0	0	1	3674	20	13	61	0	0	0	0	2	104	1	0	1	104	0	0	0	0	0	0	24	1	0	12908	0	0	0	29
5025657	31	2	1	30	1	31	3	2	0	0	0	2	671	0	0	0	0	1	807	2	13	6	0	0	0	0	1	671	0	0	1	671	0	0	0	0	0	0	1	2	0	1328	0	0	0	4
5026024	32	5	0	23	2	31	3	3	0	0	0	7	0	0	0	0	0	1	9947	7	16	6	0	0	0	0	0	0	0	0	0	0	0	0	0	0	0	0	1	1	0	25431	0	1	0	0
5026077	65	1	1	34	4	31	2	4	0	0	2	3	0	0	938	938	0	1	982	3	16	14	0	0	0	0	0	0	0	0	0	0	0	0	0	0	0	0	0	1	1	0	0	0	0	12
5028399	31	3	1	42	1	30	2	3	0	0	2	11	0	6	4136	4136	0	1	-2308	11	13	45	42120	0	0	0	0	0	0	0	0	0	0	0	0	0	0	0	0	1	1	0	0	0	0	76
5030918	31	1	1	48	1	29	1	4	0	0	0	24	0	0	0	0	0	1	6082	24	14	20	0	0	0	0	0	0	0	0	0	0	0	0	0	0	0	0	20	1	0	3877	0	0	0	6
5030976	31	1	0	21	2	29	3	4	0	0	1	4	0	0	0	0	0	1	1228	4	13	24	0	0	0	0	0	0	0	0	0	0	0	0	0	0	0	0	0	1	1	3028	0	1	0	14
5031537	31	2	0	32	2	29	1	2	0	0	1	11	33185	0	0	0	0	1	2937	11	13	44	0	0	1	12771	1	33185	0	0	1	33185	0	0	0	0	0	0	17	1	0	50462	12771	1	0	0
5033195	65	1	0	22	2	28	3	4	0	0	4	8	2900	0	0	0	0	1	2540	4	13	33	0	0	0	0	2	2900	1	1800	1	1100	0	0	0	0	0	0	10	1	0	19832	0	1	0	3
5034544	65	1	1	36	1	28	3	3	0	0	2	8	0	26	15181	15181	0	1	-1465	8	19	24	0	0	0	0	0	0	0	0	0	0	0	0	0	0	0	0	0	1	1	0	0	0	0	72
5036198	31	1	1	31	2	27	1	2	0	0	2	58	104100	0	0	0	0	1	29414	41	14	22	5100	0	0	0	1	104100	0	0	1	104100	0	0	0	0	0	0	10	1	0	120252	0	0	0	0
5036807	31	1	1	44	1	27	1	3	0	0	2	6	153	0	0	0	0	1	786	6	13	15	32000	0	0	0	1	153	0	0	1	153	0	0	0	0	0	0	0	2	1	1095	0	0	0	24
5041088	31	2	0	54	1	26	3	2	0	0	2	35	16500	13	291798	0	0	2	12070	32	14	25	66950	291798	0	0	1	16500	0	0	1	16500	0	0	0	0	0	0	12	1	0	28121	0	1	0	3
5041267	32	5	0	53	1	26	2	4	0	0	4	9	4547	16	95061	0	95061	1	6062	9	13	36	39000	0	0	0	1	4547	0	0	1	4547	0	0	0	0	0	0	8	1	0	13034	0	1	0	0
5041472	31	3	1	32	4	26	2	3	0	0	0	8	0	0	0	0	0	1	8857	8	20	20	0	0	0	0	0	0	0	0	0	0	0	0	0	0	0	0	0	2	2	6803	0	0	0	0
5042664	32	2	0	27	2	25	3	2	0	0	0	6	350	0	0	0	0	1	14759	6	13	10	0	0	0	0	2	350	0	0	2	350	0	0	0	0	0	0	0	1	0	12697	0	1	0	0
5043278	65	1	1	28	2	25	1	3	0	0	2	10	1312	18	30439	1114	29325	1	-159	10	13	36	0	0	0	0	1	1312	0	0	1	1312	0	0	0	0	0	0	13	1	0	1312	0	0	0	59
5047211	31	2	0	20	2	23	3	3	0	0	0	2	0	0	0	0	0	1	1466	1	13	5	0	0	0	0	0	0	0	0	0	0	0	0	0	0	0	0	0	1	1	1860	0	1	0	0
5047583	31	1	1	26	2	23	2	2	0	0	2	9	24596	0	0	0	0	1	3315	7	14	18	0	0	0	0	2	24596	1	2700	1	21896	0	0	0	0	0	0	7	1	0	24771	0	0	0	5
5054208	56	1	0	28	2	21	1	3	0	0	0	28	30036	0	0	0	0	1	3083	27	13	56	0	0	0	0	4	30036	2	1800	2	28236	0	0	0	0	0	0	19	2	0	33321	0	1	0	42
5054380	31	1	1	19	2	20	3	3	0	0	0	1	0	0	0	0	0	1	1217	1	16	5	0	0	0	0	0	0	0	0	0	0	0	0	0	0	0	0	1	1	0	6761	0	0	0	0
5056881	31	2	0	28	1	19	3	3	0	0	0	1	0	0	0	0	0	1	751	1	13	10	0	0	0	0	0	0	0	0	0	0	0	0	0	0	0	0	7	1	0	729	0	1	0	0
5059878	31	1	1	27	1	18	1	2	0	0	3	13	3623	0	0	0	0	1	9638	13	13	35	0	0	0	0	1	3623	1	3623	0	0	0	0	0	0	0	0	25	2	0	20611	0	0	0	0
5061345	31	1	0	32	2	18	1	2	0	0	2	24	215	13	305447	0	0	1	3498	24	13	29	0	305447	0	0	2	215	0	0	2	215	0	0	0	0	0	0	4	1	0	9912	0	1	0	19
5061805	31	1	0	32	1	18	1	3	0	0	0	5	100	0	0	0	0	1	2534	5	14	20	21000	0	0	0	1	100	0	0	1	100	0	0	0	0	0	0	10	1	0	2623	0	1	0	0
5064064	31	1	0	19	2	17	2	3	0	0	4	7	0	12	17862	17862	0	1	5359	7	13	26	0	0	0	0	0	0	0	0	0	0	0	0	0	0	0	0	8	1	0	9441	0	1	0	0
5064961	31	1	1	24	2	17	2	3	0	0	0	15	40662	7	23768	0	23768	1	5428	15	13	5	0	0	0	0	1	40662	0	0	1	40662	0	0	0	0	0	0	0	1	0	45704	0	0	0	0
5066385	31	1	0	22	2	16	3	3	0	0	1	7	0	0	0	0	0	1	2385	7	14	40	0	0	0	0	0	0	0	0	0	0	0	0	0	0	0	0	0	1	1	2890	0	1	0	6
5066924	31	1	1	28	2	16	1	2	0	0	1	13	33601	5	15986	15986	0	1	7937	8	14	13	0	0	0	0	2	33601	0	0	2	33601	0	0	0	0	0	0	5	1	0	43974	0	0	0	0
5067641	65	1	1	27	2	15	1	3	0	0	0	1	210	0	0	0	0	1	1894	1	42	1	49500	0	0	0	1	210	0	0	1	210	0	0	0	0	0	0	0	1	1	2482	0	0	0	0
5068230	75	3	0	23	2	15	3	4	0	0	0	4	0	0	564	564	0	1	653	4	15	7	0	0	0	0	0	0	0	0	0	0	0	0	0	0	0	0	0	1	0	0	0	1	0	33
5068952	31	3	1	29	4	15	2	3	0	0	3	10	0	8	47277	0	47277	1	19344	10	13	39	0	0	0	0	0	0	0	0	0	0	0	0	0	0	0	0	16	1	0	1938	0	0	0	3
5070480	32	3	0	24	2	14	2	3	0	0	3	8	22128	11	6718	6718	0	2	1241	8	13	26	0	0	0	0	2	22128	1	16458	1	5670	0	0	0	0	0	0	6	1	0	27787	155	1	0	7
5071969	31	1	0	34	2	14	4	3	0	0	0	1	0	0	0	0	0	1	1759	1	30	2	25000	0	0	0	0	0	0	0	0	0	0	0	0	0	0	0	0	1	1	1617	0	1	0	0
5073063	31	2	1	35	2	13	1	3	0	0	0	7	0	0	2321	2321	0	1	2583	7	23	7	0	0	0	0	0	0	0	0	0	0	0	0	0	0	0	0	2	1	0	0	0	0	0	19
5075530	31	2	0	35	4	12	1	3	0	0	0	6	0	0	0	0	0	1	18295	6	14	35	0	0	0	0	1	0	0	0	1	0	0	0	0	0	0	0	11	1	0	11838	0	1	0	0
5077668	31	1	1	41	1	12	2	3	0	0	0	22	303	4	23828	0	23828	1	-1111	22	13	68	30000	0	0	0	1	303	0	0	1	303	0	0	0	0	0	0	27	1	0	5003	0	0	0	59
5078781	65	1	0	36	1	11	2	3	0	0	2	1	0	0	0	0	0	1	1349	1	14	17	0	0	0	0	0	0	0	0	0	0	0	0	0	0	0	0	10	1	0	111	0	1	0	0
5078868	31	2	1	28	1	11	1	3	0	0	2	14	9000	0	0	0	0	1	6283	14	13	35	0	0	0	0	1	9000	0	0	1	9000	0	0	0	0	0	0	9	1	0	14201	0	0	0	0
5083088	31	4	1	27	2	9	2	3	0	0	2	5	0	0	0	0	0	1	3554	5	13	19	2300	0	0	0	0	0	0	0	0	0	0	0	0	0	0	0	8	1	0	5574	0	0	0	0
5084393	32	1	0	50	1	9	2	4	0	0	1	11	0	0	0	0	0	1	-2274	11	13	24	0	0	0	0	0	0	0	0	0	0	0	0	0	0	0	0	8	1	0	1393	0	1	0	81
5086855	31	1	0	29	1	8	1	2	0	0	2	35	7600	0	0	0	0	2	-71	30	13	92	0	0	0	0	2	7600	1	0	1	7600	0	0	0	0	0	0	12	1	0	17026	0	1	0	104
5087086	31	1	0	39	2	8	1	2	0	0	1	16	7211	21	136139	0	136139	1	8841	14	13	42	0	0	0	0	2	7211	0	0	2	7211	0	0	0	0	0	0	9	1	0	22041	0	1	0	0
5088086	31	1	0	26	2	7	2	3	0	0	0	7	0	0	0	0	0	1	1210	7	13	36	0	0	0	0	0	0	0	0	0	0	0	0	0	0	0	0	23	1	0	1634	0	1	0	36
5089277	31	1	0	21	2	7	3	4	0	0	1	4	0	0	0	0	0	1	2112	4	14	21	0	0	0	0	0	0	0	0	0	0	0	0	0	0	0	0	7	1	0	1007	0	1	0	2
5090213	31	1	0	22	2	6	3	3	0	0	2	5	0	0	0	0	0	1	2134	3	13	11	0	0	0	0	0	0	0	0	0	0	0	0	0	0	0	0	0	1	1	3045	0	1	0	1
5091239	31	1	0	22	2	6	2	3	0	0	0	5	0	0	0	0	0	1	12423	5	13	7	20000	0	0	0	0	0	0	0	0	0	0	0	0	0	0	0	0	1	0	20054	0	1	0	0
5094318	82	3	0	54	3	5	2	2	0	0	2	16	41171	0	0	0	0	1	10214	16	13	37	0	0	1	5470	3	41171	1	0	2	41171	0	0	0	0	0	0	14	1	0	55385	5625	1	0	0
5094432	31	1	0	54	3	5	1	5	0	0	0	12	51809	0	0	0	0	1	3063	12	13	37	0	0	0	0	2	51809	0	0	2	51809	0	0	0	0	0	0	0	1	1	56412	0	1	0	0
5096426	31	1	0	35	1	4	1	5	0	0	2	26	22100	0	0	0	0	1	11637	19	13	31	30000	0	0	0	1	22100	0	0	1	22100	0	0	0	0	0	0	14	1	0	40173	0	1	0	10
5096539	31	1	1	40	2	4	2	5	0	0	1	12	0	12	28946	482	28464	1	5143	12	13	37	92500	0	0	0	0	0	0	0	0	0	0	0	0	0	0	0	16	1	0	0	0	0	0	22
5096908	31	1	0	19	2	4	2	5	0	0	2	1	0	0	0	0	0	1	418	1	13	10	20500	0	0	0	0	0	0	0	0	0	0	0	0	0	0	0	0	1	1	1547	0	1	0	0
5098439	65	1	0	30	2	3	2	5	0	0	0	5	0	13	29233	0	29233	1	7040	5	13	18	42000	0	0	0	0	0	0	0	0	0	0	0	0	0	0	0	0	1	1	6389	0	1	0	8
5098708	31	1	1	19	2	3	2	5	0	0	1	3	0	0	0	0	0	1	4973	3	30	2	17000	0	0	0	0	0	0	0	0	0	0	0	0	0	0	0	0	1	1	8477	0	0	0	0
7502497	31	1	1	30	1	36	4	2	0	0	1	12	57096	21	444019	0	0	1	7354	11	15	51	0	444019	0	0	4	57096	3	54381	1	2715	0	0	0	0	0	0	22	1	0	60462	0	0	0	8
7516932	82	2	0	45	1	15	1	3	0	0	0	7	0	0	0	0	0	1	992	7	14	24	0	0	0	0	0	0	0	0	0	0	0	0	0	0	0	0	4	1	0	4134	0	1	0	29
7522067	31	4	0	22	1	41	3	4	0	0	0	8	0	29	14063	14063	0	1	-3673	8	13	39	47000	0	0	0	0	0	0	0	0	0	0	0	0	0	0	0	22	1	0	0	0	1	0	79
7526330	31	3	0	43	3	39	2	1	0	0	2	24	293310	2	1743	1743	0	1	12118	23	13	60	55500	0	0	0	3	293310	2	284759	1	8551	0	0	0	0	0	0	2	1	0	312066	0	1	0	0
7553883	31	1	0	36	5	20	2	3	0	0	0	8	0	0	157	157	0	1	-447	8	14	47	10000	0	0	0	0	0	0	0	0	0	0	0	0	0	0	0	22	1	0	0	0	1	0	58
7574479	32	1	0	49	1	31	2	2	0	0	4	14	55845	0	0	0	0	1	2711	14	13	51	13900	0	0	0	1	55845	1	55845	0	0	0	0	0	0	0	0	9	1	0	63336	0	1	0	9
